  5  2  2  3   8   9   9
  6  2  3  3  10  10  11
  7  3  3  4  11  12  12
  8  4  4  5  12  13  13
  9  4  5  6  13  14  15
 10  5  6  6  15  15  16
 11  6  7  7  16  16  17
 12  7  7  8  17  18  18
 13  7  8  9  18  19  20
 14  8  9 10  19  20  21
 15  9 10 11  20  21  22
 16 10 11 11  22  22  23
 18 11 12 13  24  25  26
 20 13 14 15  26  27  28
 25 17 18 19  32  33  34
 30 21 22 24  37  39  40
 35 25 27 28  43  44  46
 40 30 31 33  48  50  51
 45 34 36 37  54  55  57
 50 38 40 42  59  61  63
 55 43 45 46  65  66  68
 60 47 49 51  70  72  74
 65 52 54 56  75  77  79
 70 56 58 60  81  83  85
 75 61 63 65  86  88  90
 80 65 68 70  91  93  96
 85 70 72 74  97  99 101
 90 74 77 79 102 104 107
 95 79 82 84 107 109 112
100 84 88 88 113 115 117