-3
-3
-3
-3
-3
-3
-3
-3
-3
-3
-3
-3
-3
-3
-3
-3
-3
-3
-3
-3
-3
-3
-3
-3
-3
-3
-3
-3
-3
-3
-3
-3
-3
-3
-3
-2
-2
-2
-2
-2
-2
-2
-2
-2
-1
-1
-1
-1
-1
-1
-1
-1
-1
-1
-1
0
0
0
0
0
0
0
0
0
0
0
1
1
1
1
1
1
1
1
2
2
2
2
2
2
2
2
2
1
1
1
1
1
1
1
2
2
2
3
3
3
3
3
3
3
3
3
2
2
2
2
2
2
1
1
1
2
2
2
2
2
2
2
1
1
1
1
1
1
1
1
1
1
1
1
1
1
0
0
0
-1
-1
-1
-1
-1
-1
-2
-2
-2
-2
-2
-2
-2
-3
-2
-2
-2
-2
-2
-2
-2
-2
-2
-2
-1
-1
-2
-2
-3
-3
-3
-3
-4
-3
-4
-4
-3
-3
-3
-3
-3
-3
-3
-3
-3
-3
-3
-2
-2
-2
-2
-2
-2
-2
-1
-2
-2
-2
-3
-3
-3
-3
-3
-3
-3
-3
-2
-2
-2
-2
-2
-2
-2
-1
-1
-1
-1
0
0
0
1
1
1
2
2
1
1
1
0
0
0
0
0
0
0
0
0
0
1
1
1
1
1
1
1
2
2
2
3
3
3
4
4
5
5
4
4
3
3
2
2
2
1
1
1
1
1
1
1
1
2
2
2
2
2
3
3
3
4
3
4
4
4
4
4
4
3
3
2
2
1
0
0
-1
-2
-2
-2
-2
-2
-2
-2
-1
-1
0
0
1
1
1
1
1
1
1
1
0
0
-1
-2
-2
-3
-4
-4
-4
-4
-4
-4
-4
-4
-4
-3
-3
-3
-2
-2
-2
-2
-2
-2
-2
-3
-3
-3
-3
-3
-3
-3
-3
-3
-3
-3
-3
-3
-3
-4
-4
-5
-5
-5
-5
-5
-5
-4
-4
-3
-2
-2
-1
0
1
1
1
1
1
1
1
1
0
-1
-2
-3
-4
-5
-5
-5
-5
-5
-5
-4
-3
-3
-2
-1
0
1
2
3
3
4
4
4
3
3
3
3
2
2
2
1
1
1
1
1
0
0
0
0
-1
-1
-1
-2
-2
-2
-2
-1
0
0
2
3
4
5
6
6
6
6
6
6
6
5
4
3
3
2
2
2
2
2
2
2
2
1
1
0
0
-1
-2
-3
-4
-4
-5
-6
-6
-6
-6
-5
-4
-3
-2
0
2
3
5
8
10
13
14
14
13
11
8
5
2
-1
-4
-7
-10
-12
-13
-12
-11
-9
-8
-6
-5
-4
-3
-2
-3
-4
-6
-8
-10
-11
-11
-11
-11
-9
-7
-5
-1
3
8
12
15
17
18
17
15
10
6
1
-3
-7
-10
-14
-16
-17
-16
-14
-11
-8
-5
-3
-2
0
1
0
-1
-2
-5
-8
-10
-11
-11
-10
-9
-7
-3
0
5
9
13
16
20
22
23
22
19
14
9
4
0
-4
-8
-11
-13
-15
-14
-11
-8
-3
-1
1
3
4
4
5
4
1
-2
-6
-9
-10
-11
-10
-8
-5
-3
1
5
9
14
18
22
25
26
26
24
20
14
9
3
-1
-5
-9
-12
-14
-15
-14
-11
-7
-3
0
1
2
3
3
3
0
-3
-7
-11
-15
-16
-16
-14
-11
-9
-5
-1
3
8
13
17
20
23
24
24
22
17
11
5
-1
-6
-11
-15
-18
-20
-21
-18
-15
-12
-7
-4
-2
0
0
0
-1
-4
-7
-12
-17
-20
-22
-22
-20
-17
-13
-9
-4
1
7
13
17
21
23
25
25
24
19
13
7
-1
-6
-10
-13
-16
-19
-21
-20
-17
-13
-8
-3
-2
-1
0
-1
-1
-2
-5
-10
-14
-18
-20
-19
-17
-13
-9
-6
-1
5
10
16
21
24
