6
-2
-9
-15
-18
-20
-21
-22
-22
-20
-18
-14
-9
-7
-5
-4
-4
-4
-4
-5
-6
-8
-10
-10
-9
-7
-4
0
4
9
15
20
23
24
22
20
18
15
10
4
-3
-10
-15
-18
-19
-20
-21
-21
-20
-18
-14
-10
-8
-7
-6
-6
-5
-5
-5
-5
-6
-7
-7
-6
-3
0
4
8
13
19
23
25
25
23
21
19
15
11
5
-2
-7
-11
-14
-15
-15
-16
-16
-15
-13
-10
-7
-6
-5
-4
-5
-4
-3
-3
-4
-4
-5
-4
-2
1
5
8
12
17
23
27
28
28
25
23
20
17
12
6
-1
-7
-10
-13
-14
-14
-15
-15
-14
-12
-9
-6
-5
-5
-5
-6
-5
-5
-5
-5
-6
-7
-6
-4
-1
4
7
11
16
21
26
27
27
24
21
19
15
10
4
-3
-9
-14
-16
-17
-17
-18
-19
-18
-16
-14
-11
-9
-9
-9
-10
-10
-9
-9
-9
-10
-11
-10
-8
-5
0
4
8
12
18
23
26
26
24
21
18
15
11
5
-2
-9
-15
-18
-19
-19
-20
-21
-20
-18
-16
-12
-10
-9
-9
-9
-10
-9
-9
-9
-9
-10
-11
-9
-6
-2
3
7
12
17
23
28
30
30
27
23
20
17
11
5
-3
-9
-14
-17
-18
-18
-19
-19
-17
-15
-12
-8
-6
-5
-5
-5
-5
-5
-5
-6
-6
-7
-7
-5
-2
3
7
12
17
22
30
34
36
35
32
28
24
20
14
7
-1
-9
-14
-17
-18
-18
-19
-18
-17
-15
-11
-7
-5
-4
-3
-4
-4
-4
-4
-5
-6
-7
-7
-5
-2
2
7
11
16
21
28
34
35
35
31
27
23
20
13
6
-3
-12
-17
-22
-23
-23
-24
-24
-23
-21
-17
-12
-9
-7
-7
-8
-8
-8
-8
-9
-10
-12
-12
-11
-8
-3
1
5
10
16
22
30
34
34
32
28
23
20
15
8
0
-11
-19
-24
-27
-27
-27
-28
-28
-26
-22
-16
-12
-9
-7
-8
-9
-8
-8
-8
-9
-11
-13
-12
-11
-7
-2
2
7
12
19
25
34
38
38
36
31
26
23
17
9
0
-11
-20
-25
-27
-26
-26
-27
-27
-24
-19
-12
-7
-4
-3
-4
-4
-4
-4
-4
-5
-7
-9
-10
-7
-3
2
7
11
16
23
30
39
44
43
40
34
28
25
20
12
2
-11
-20
-24
-26
-26
-26
-27
-26
-23
-18
-11
-5
-2
-2
-2
-4
-3
-2
-3
-5
-8
-10
-10
-7
-3
1
6
9
15
21
28
37
42
41
37
31
26
22
18
9
-1
-14
-24
-29
-30
-30
-29
-30
-31
-27
-22
-16
-8
-6
-6
-6
-7
-7
-5
-6
-8
-11
-14
-14
-11
-7
-3
1
5
10
17
24
31
38
38
35
31
25
20
16
8
-2
-13
-24
-29
-31
-32
-31
-31
-32
-29
-24
-17
-10
-6
-6
-6
-7
-7
-5
-5
-7
-10
-13
-13
-11
-7
-3
2
5
10
16
24
31
38
40
37
34
29
24
20
14
4
-6
-17
-24
-26
-27
-28
-27
-27
-26
-21
-15
-9
-3
-2
-3
-3
-3
-2
-1
-3
-6
-9
-10
-8
-5
-1
2
6
10
17
24
31
37
41
41
38
35
30
25
20
11
1
-8
-17
-22
-24
-26
-26
-25
-25
-22
-16
-11
-6
-3
-3
-3
-3
-3
-4
-5
-7
-10
-11
-11
-9
-6
-3
1
5
10
17
24
30
35
39
37
34
30
24
18
13
4
-5
-14
-23
-27
-28
-29
-28
-27
-26
-23
-18
-14
-9
-7
-7
-7
-8
-9
-8
-10
-12
-14
-15
-15
-12
-8
-5
0
4
10
16
23
28
34
36
33
30
25
19
16
9
-1
-9
-19
-25
-26
-27
-28
-27
-27
-25
-20
-16
-11
-7
-7
-7
-7
-8
-8
-8
-11
-12
-13
-14
-11
-8
-5
-2
3
8
15
23
28
34
38
36
34
31
26
21
17
7
-1
-10
-17
-21
-22
-24
-24
-23
-23
-19
-14
-10
-6
-4
-4
-4
-4
-5
-5
-6
-8
-9
-10
-9
-6
-3
0
4
9
15
22
29
34
41
40
37
34
29
25
22
13
4
-4
-13
-18
-19
-21
-22
-21
-22
-20
-15
-11
-8
-5
-6
-6
-5
-6
-6
-7
-9
-11
-11
-11
-8
-5
-3
1
6
11
19
26
32
37
36
34
31
27
23
19
10
1
-8
-16
-21
-22
-25
-26
-25
-26
-23
-18
-15
-11
-9
-10
-9
-9
-10
-9
-11
-14
-15
-15
-15
-12
-9
-6
-2
3
8
16
24
30
35
34
32
30
27
23
18
9
0
-9
-16
-21
-22
-25
-26
-26
-26
-22
-17
-14
-11
-9
-9
-8
-7
-8
-8
-10
-13
-14
-14
-13
-10
-7
-4
1
6
12
21
27
35
39
38
36
33
29
26
20
11
2
-8
-15
-18
-20
-23
-23
-24
-23
-19
-14
-10
-6
-5
-5
-4
-3
-3
-4
-6
-9
-10
-10
-9
-6
-3
0
4
9
17
25
33
39
40
39
36
34
31
27
18
8
-1
-10
-15
-18
-21
-23
-24
-24
-21
-17
-13
-9
-7
-7
-6
-5
-5
-5
-7
-9
-11
-12
-11
-9
-6
-4
0
5
11
19
27
35
37
36
34
31
29
26
18
8
-2
-11
-17
-21
-24
-26
-28
-29
-27
-22
-18
-14
-11
-11
-9
-8
-7
-7
-8
-11
-13
-15
-15
-13
-11
-9
-6
-1
5
13
21
30
34
34
33
31
29
27
21
11
2
-8
-16
-20
-24
-27
-29
-31
-30
-25
-20
-16
-12
-10
-9
-6
-5
-4
-4
-7
-10
-12
-12
-11
-9
-8
-6
-1
4
12
20
28
35
36
36
35
34
31
28
19
9
-1
-10
-15
-19
-23
-25
-27
-28
-24
-19
-15
-11
-8
-7
-4
-2
-1
-1
-3
-6
-7
-8
-8
-7
-6
-4
-1
4
10
19
26
35
39
39
38
36
34
31
25
15
5
-5
-13
-17
-21
-25
-27
-29
-27
-22
-17
-13
-9
-7
-5
-3
-1
-1
-1
-4
-7
-9
-10
-9
-8
-7
-5
-2
3
11
19
26
34
36
36
35
33
30
27
19
8
-2
-11
-18
-21
-26
-30
-31
-32
-30
-24
-20
-16
-12
-11
-8
-5
-4
-4
-5
-8
-11
-12
-13
-12
-11
-10
-7
-3
3
10
18
25
33
35
35
35
33
29
26
18
8
-2
-12
-20
-23
-28
-31
-32
-33
-30
-25
-19
-15
-11
-9
-6
-3
-2
-2
-3
-6
-9
-10
-11
-11
-9
-9
-6
-2
4
11
19
26
33
40
40
40
38
34
30
25
15
5
-5
-14
-20
-23
-27
-29
-29
-28
-23
-17
-13
-8
-5
-4
-1
1
1
1
-2
-5
-7
-8
-9
-7
-7
-5
-2
3
10
17
24
30
36
42
42
42
38
33
29
23
13
4
-6
-15
-20
-23
-26
-27
-28
-27
-23
-17
-14
-9
-7
-6
-3
-2
-3
-4
-6
-9
-10
-11
-12
-10
-10
-7
-4
1
7
13
19
25
30
35
39
37
35
30
24
19
13
4
-5
-14
-22
-25
-27
-29
-29
-29
-28
-23
-19
-15
-11
-10
-9
-8
-8
-8
-8
-11
-13
-13
-14
-13
-11
-10
-7
-3
1
6
12
17
21
26
29
34
34
31
27
22
17
13
7
-2
-10
-17
-22
-23
-25
-26
-27
-27
-24
-20
-16
-13
-11
-11
-10
-8
-8
-7
-8
-9
-10
-9
-9
-7
-6
-5
-2
1
4
9
14
18
22
25
28
33
35
32
30
26
20
18
13
6
-1
-8
-15
-18
-20
-22
-23
-24
-23
-20
-16
-14
-10
-9
-8
-6
-5
-4
-3
-4
-5
-5
-5
-5
-4
-4
-3
-1
2
5
10
13
16
20
24
28
32
36
34
32
28
24
20
16
8
0
-9
-16
-20
-23
-26
-28
-29
-28
-24
-20
-16
-12
-10
-8
-6
-3
-3
-3
-4
-6
-7
-8
-9
-10
-10
-11
-9
-6
-2
3
8
11
16
21
26
30
35
35
32
28
23
19
15
7
-3
-12
-20
-26
-28
-30
-32
-33
-32
-28
-22
-16
-13
-9
-8
-6
-3
-2
-3
-4
-7
-10
-11
-11
-12
-12
-13
-12
-8
-3
2
7
11
15
20
24
28
31
32
33
31
26
21
16
11
6
-1
-9
-15
-20
-23
-24
-24
-25
-24
-22
-18
-14
-10
-8
-6
-5
-4
-3
-3
-3
-5
-6
-7
-6
-6
-6
-5
-4
-1
3
7
11
14
17
20
23
25
27
28
29
30
29
25
21
17
12
9
4
-3
-8
-14
-17
-18
-19
-21
-21
-20
-18
-13
-10
-9
-6
-5
-4
-2
-1
-1
-1
-2
-3
-3
-3
-3
-3
-4
-3
0
2
5
