-14
-15
-12
-8
-4
-4
-5
-5
-6
-5
-3
-2
3
8
9
7
6
5
8
17
21
21
20
17
18
25
12
-10
-28
-33
-16
11
29
24
6
-17
-28
-18
-4
5
7
-2
-10
-8
-4
-5
-13
-24
-31
-22
-7
1
-2
-14
-25
-24
-15
-7
-2
-4
-11
-14
-16
-15
-8
-2
2
5
5
3
2
3
8
16
20
18
16
12
15
20
26
19
-7
-24
-30
-15
9
27
24
7
-11
-21
-15
-1
6
6
1
-7
-5
-3
-9
-14
-16
-13
-4
2
-2
-11
-18
-18
-11
-1
0
-4
-9
-13
-11
-5
-3
-1
1
4
7
8
6
4
7
13
21
25
22
15
11
13
23
30
33
26
3
-16
-19
-12
6
22
21
11
0
-9
-10
-1
3
4
4
0
-6
-7
-7
-7
-3
-4
-5
-7
-10
-13
-13
-11
-8
-4
-4
-7
-8
-9
-9
-7
-6
-4
-1
2
3
4
3
3
6
11
12
11
11
9
14
17
18
19
18
18
17
3
-11
-18
-15
-3
12
16
8
-3
-15
-16
-8
-2
-2
-6
-14
-13
-6
-3
-5
-12
-18
-18
-11
-9
-10
-13
-16
-14
-9
-8
-8
-10
-12
-10
-7
-7
-8
-7
-5
0
3
1
0
1
5
12
14
11
11
3
3
11
12
18
21
17
18
17
2
-9
-11
-13
1
14
11
6
-3
-14
-12
-8
-4
0
1
-4
-6
-7
-11
-9
-7
-6
-3
-3
-9
-12
-14
-14
-8
-3
-2
-2
-4
-7
-6
-6
-3
1
5
6
6
4
5
8
12
16
19
21
15
12
11
12
17
20
20
18
12
4
-2
-3
-2
3
5
4
2
-2
-4
-7
-6
-6
-4
-3
-4
-5
-7
-8
-7
-8
-8
-8
-7
-8
-10
-11
-12
-10
-9
-8
-8
-8
-8
-9
-8
-7
-4
-1
1
3
3
3
3
4
6
9
10
10
11
9
10
11
9
8
8
9
10
7
-1
-6
-7
-5
-1
0
-2
-6
-11
-13
-12
-10
-7
-6
-7
-10
-11
-12
-13
-11
-10
-9
-10
-11
-13
-14
-13
-12
-11
-10
-10
-10
-9
-8
-8
-6
-5
-2
1
3
3
3
3
6
9
14
14
10
8
11
13
15
14
10
9
10
11
13
8
-2
-5
-3
2
6
5
-2
-5
-7
-5
-2
-3
-5
-6
-6
-5
-5
-7
-9
-8
-6
-3
-4
-7
-10
-10
-7
-4
-3
-5
-6
-6
-4
-2
-2
0
2
3
4
5
6
8
9
10
13
13
14
11
11
13
14
12
11
9
12
14
11
9
5
1
2
2
2
1
-2
-5
-5
-5
-3
-4
-8
-9
-9
-8
-6
-7
-9
-10
-10
-9
-8
-8
-10
-10
-12
-11
-10
-10
-9
-8
-9
-8
-7
-6
-4
-4
-3
-1
-1
1
2
3
2
4
8
6
7
5
4
7
6
3
5
5
4
6
4
2
2
1
-2
-1
-3
-3
-3
-5
-6
-5
-5
-5
-5
-7
-7
-8
-9
-9
-8
-8
-7
-8
-9
-9
-10
-9
-9
-10
-10
-10
-10
-9
-9
-8
-7
-7
-6
-4
-3
-1
0
0
0
1
2
6
6
7
8
6
5
4
6
8
11
10
8
6
4
6
7
8
9
6
5
4
4
3
4
1
2
1
1
2
-1
0
-1
-1
-1
-2
-3
-3
-3
-3
-4
-5
-4
-5
-5
-6
-7
-6
-6
-6
-6
-6
-7
-5
-5
-4
-4
-3
-2
-2
-1
-1
-1
-1
0
2
3
2
2
3
3
3
2
3
4
5
5
4
3
3
3
2
2
1
2
3
2
2
0
-2
-1
-1
-1
-2
-3
-4
-3
-3
-2
-4
-6
-6
-6
-5
-4
-4
-5
-6
-7
-6
-6
-6
-5
-6
-6
-6
-7
-7
-7
-6
-5
-5
-6
-6
-6
-5
-4
-3
-3
-4
-4
-3
-2
-1
0
0
2
2
2
1
1
3
4
5
5
4
2
2
2
4
7
6
4
2
2
4
4
5
4
4
5
3
2
1
3
5
5
4
2
1
0
1
1
4
4
4
2
0
0
1
3
4
4
3
2
1
1
1
3
5
5
4
2
1
1
2
2
3
4
4
3
2
2
3
4
5
4
4
4
4
4
3
3
3
4
4
5
4
4
4
3
2
3
2
3
2
2
3
2
2
0
0
1
2
2
2
-1
0
-2
-1
0
-1
0
-1
-1
-2
-2
-3
-2
-2
-1
-1
-2
-2
-3
-2
-2
-1
0
-2
-3
-2
-1
-1
-1
-2
