128
127
128
128
128
127
128
127
128
128
128
128
128
127
128
128
128
128
128
128
127
128
128
128
128
128
128
128
128
127
127
128
128
128
128
128
128
128
128
128
128
127
127
128
128
127
128
127
128
128
128
128
129
128
129
128
128
129
128
129
128
128
128
128
127
128
128
128
127
128
127
128
128
128
128
128
129
128
128
129
129
129
128
128
128
128
128
127
128
127
127
127
128
128
128
129
128
129
128
129
129
128
129
129
128
129
128
128
128
127
129
128
127
128
127
127
128
128
128
127
128
127
128
129
129
127
128
128
129
129
128
128
128
128
128
128
128
128
127
127
128
127
127
129
128
128
128
128
128
128
128
128
128
127
127
128
128
129
128
128
129
129
130
129
128
129
129
128
128
127
126
126
126
126
127
127
127
127
128
129
129
130
130
129
129
130
129
129
128
128
128
128
128
127
127
128
127
126
126
128
127
126
126
127
128
128
129
129
128
129
129
129
128
129
128
127
128
128
127
128
128
127
128
129
128
128
127
126
127
127
127
128
129
129
129
129
128
128
128
128
128
128
127
128
128
128
131
129
128
128
128
128
127
126
126
126
126
127
128
128
128
128
129
129
130
129
129
128
128
127
128
128
128
127
128
129
127
128
128
127
127
127
127
127
128
127
128
127
128
128
130
130
130
129
129
129
130
128
129
128
128
127
128
128
127
128
127
127
127
127
127
127
127
127
127
128
128
128
128
129
129
130
130
130
129
129
129
128
127
127
126
127
127
126
125
126
128
128
128
129
127
128
129
130
129
128
127
127
128
129
129
130
130
130
129
129
130
130
128
126
127
127
127
127
127
127
127
128
129
128
130
129
129
130
129
129
129
130
130
128
129
129
128
127
126
127
126
126
126
126
127
127
128
128
128
129
129
131
130
130
130
129
129
129
129
129
128
128
128
126
127
127
126
127
127
128
127
126
126
126
126
127
128
129
129
129
129
130
129
129
130
129
129
128
128
128
127
126
127
126
126
128
128
127
129
128
128
128
128
128
128
128
128
128
127
128
127
129
129
128
129
128
129
129
128
128
128
129
127
128
127
127
128
127
127
127
127
128
127
128
129
128
128
128
129
128
128
129
128
128
128
129
129
127
128
128
128
129
129
129
129
128
128
128
128
127
128
127
126
127
127
127
128
128
128
128
128
129
129
129
128
128
128
127
127
126
126
127
127
127
128
128
128
128
130
129
130
128
129
128
128
128
128
128
127
128
127
128
128
129
128
129
128
129
128
127
127
127
126
126
126
127
128
129
129
129
130
129
129
131
130
130
129
128
128
128
128
127
128
127
127
127
127
127
128
128
128
128
128
128
128
128
128
128
128
130
130
130
129
128
129
130
129
128
128
128
128
126
126
126
126
126
127
127
128
127
127
128
129
128
129
129
130
130
130
129
130
129
129
130
130
129
128
127
127
127
125
126
125
125
126
126
126
127
127
127
128
130
131
130
131
131
132
132
132
131
130
128
128
129
128
127
125
125
125
125
125
125
126
126
126
127
127
126
128
128
129
131
132
132
133
133
134
134
133
132
131
129
125
123
121
119
118
119
120
120
123
125
127
130
132
133
135
136
136
136
135
134
133
131
129
127
125
124
124
123
123
122
122
122
123
125
126
127
129
131
132
132
132
131
132
133
132
131
131
128
127
127
127
127
127
126
124
126
126
122
119
118
120
127
132
133
134
138
141
144
143
141
135
132
128
120
110
106
102
102
107
112
120
131
139
145
154
158
159
157
150
138
129
122
113
105
102
99
99
106
113
119
128
137
144
149
150
148
146
144
137
129
126
122
119
117
117
114
116
120
123
125
127
128
130
136
136
134
132
136
130
124
120
116
124
132
135
136
141
142
143
142
139
133
126
123
115
106
99
95
94
101
111
124
140
152
154
157
161
161
156
148
134
120
115
113
111
110
112
110
116
121
126
129
130
130
126
130
129
131
130
130
130
135
142
143
143
139
134
130
128
120
111
108
111
115
117
118
119
130
131
131
131
132
140
148
152
148
147
143
139
132
127
118
114
111
104
97
98
102
105
112
123
136
153
166
162
158
155
147
140
132
118
105
104
106
109
117
123
126
130
138
141
139
137
130
121
120
119
119
121
123
122
131
142
146
148
144
137
134
129
117
104
103
108
114
119
118
124
133
135
139
136
141
145
150
151
146
141
135
130
124
119
113
110
105
99
93
97
106
111
122
138
153
169
175
169
164
159
148
131
114
97
89
93
98
100
108
120
130
142
154
153
150
147
137
127
121
116
113
115
113
113
123
138
144
148
150
147
138
127
117
111
114
115
113
110
120
117
116
126
132
143
150
155
156
159
153
141
130
124
116
111
103
92
84
86
99
105
117
131
153
174
186
183
173
167
155
134
112
91
79
83
89
93
98
114
130
145
157
164
162
156
145
128
117
112
111
109
108
108
118
137
151
152
153
151
147
137
123
111
105
104
103
103
112
121
116
125
131
145
154
159
158
158
155
143
131
118
110
105
103
96
90
91
96
109
120
130
150
168
180
183
174
167
156
138
114
96
84
83
89
94
103
116
132
143
153
158
160
156
145
129
113
104
104
106
107
107
116
133
153
160
159
160
157
145
128
116
108
109
103
99
99
113
116
117
128
136
151
160
162
156
157
148
139
125
116
104
101
100
94
92
94
108
114
126
137
154
170
177
175
169
163
149
129
109
95
87
92
96
103
110
125
133
140
147
150
151
146
136
119
112
109
112
112
112
114
125
140
150
152
155
159
153
139
127
118
115
113
106
98
104
114
109
117
126
138
146
154
155
158
156
148
137
125
119
109
108
100
96
96
104
109
114
122
138
154
163
163
163
165
157
141
125
114
108
106
104
107
109
120
127
130
133
137
140
138
133
124
118
115
116
116
116
118
124
135
143
148
150
153
152
143
133
128
124
119
113
106
104
111
108
106
118
132
138
139
147
152
157
150
141
134
130
121
114
110
107
107
108
110
112
119
126
135
143
148
150
154
152
143
134
131
125
119
118
119
120
120
122
124
129
130
129
124
127
125
122
117
117
120
124
125
127
131
136
143
142
144
145
143
135
131
128
126
121
117
112
115
117
111
113
122
131
130
134
139
146
146
142
136
134
130
121
120
120
116
113
115
116
118
122
127
131
137
138
140
143
142
134
132
132
129
126
128
127
127
127
126
127
127
126
123
122
121
119
117
117
119
122
124
127
128
134
139
142
143
144
144
140
135
130
127
125
122
117
114
115
119
119
119
125
129
131
133
137
137
137
133
130
128
126
121
124
127
124
122
126
126
127
127
126
128
131
132
130
133
132
128
127
128
128
127
128
127
129
132
133
133
132
130
130
128
126
123
121
121
119
118
118
119
121
125
130
135
136
139
139
138
136
134
132
131
129
124
122
121
120
118
122
127
129
129
132
134
133
132
129
129
127
124
124
125
125
125
125
125
127
129
131
129
130
132
131
131
131
126
126
126
126
125
126
127
127
128
130
131
131
131
132
133
133
129
125
125
125
124
123
121
122
122
123
127
129
133
135
132
131
132
131
128
127
127
127
125
124
123
127
130
131
130
133
133
134
133
131
129
128
125
123
123
123
125
127
127
126
129
131
129
125
125
125
128
130
128
127
126
125
125
127
127
128
131
132
133
134
134
134
133
134
133
131
129
124
122
121
120
119
120
121
123
125
127
130
131
132
132
133
132
132
131
129
127
125
125
126
127
129
130
133
133
131
127
126
125
125
126
126
123
123
124
127
129
130
134
137
136
134
131
129
126
125
123
121
122
122
123
124
123
123
125
128
130
132
135
136
136
135
135
134
133
131
131
129
128
125
123
122
121
122
124
126
127
126
126
126
126
127
129
128
127
126
127
129
130
130
131
133
133
135
134
133
131
127
126
124
122
121
123
124
124
125
126
130
132
132
133
135
135
133
131
128
124
122
120
119
121
122
122
123
125
125
127
131
131
133
135
135
135
134
133
132
133
132
130
128
129
127
126
125
125
124
125
124
124
126
125
125
125
125
125
125
126
129
130
130
132
132
133
132
131
132
133
131
128
125
124
124
124
125
126
128
128
128
129
130
132
132
133
133
133
130
127
126
124
121
118
119
120
121
123
125
126
126
128
130
131
132
133
133
136
135
134
133
131
131
131
131
131
129
127
126
124
122
123
122
123
123
123
122
124
125
127
129
130
130
131
131
130
130
130
131
130
129
129
129
129
128
127
127
127
127
127
128
128
130
130
131
130
131
131
131
133
131
129
124
123
121
119
120
121
122
124
125
127
128
129
129
131
133
133
132
133
132
133
134
133
133
131
132
130
129
129
128
125
123
123
122
123
123
125
126
125
127
127
128
128
129
128
128
128
127
127
128
127
128
129
130
131
132
131
130
129
127
128
127
128
128
129
130
129
130
129
129
131
132
131
129
127
125
123
121
122
123
123
124
124
125
127
127
127
128
129
131
131
134
134
135
135
134
132
132
132
131
131
129
126
123
121
122
124
124
125
126
125
125
125
126
127
128
127
128
126
126
126
128
128
131
131
131
131
132
134
134
132
130
128
126
126
125
126
126
125
126
127
127
128
131
132
133
131
129
128
125
124
124
125
125
124
122
122
123
123
127
127
129
130
132
133
135
136
136
136
134
133
132
130
129
129
127
125
124
123
122
123
124
125
125
125
125
124
126
126
126
128
127
127
127
127
128
129
132
134
133
133
134
135
132
130
128
125
124
124
124
125
126
125
126
128
131
133
135
135
133
132
129
127
123
122
121
120
120
119
119
121
123
126
129
130
132
132
133
135
136
138
138
137
135
133
131
129
129
128
126
126
124
123
122
122
122
124
125
124
124
125
124
123
125
126
128
128
129
130
131
132
134
134
135
135
134
134
132
128
125
123
121
122
124
126
128
129
128
130
131
134
135
137
134
130
127
124
122
120
120
120
119
118
119
120
122
126
128
131
133
133
133
135
136
138
139
139
138
134
131
129
127
126
126
125
123
123
120
119
120
122
123
125
126
126
126
126
126
130
131
132
132
132
132
131
131
130
129
129
130
129
129
129
130
129
125
125
123
123
127
127
127
129
127
127
130
132
133
135
136
132
130
126
123
121
121
120
120
118
118
119
120
123
128
130
133
135
136
137
139
140
142
142
140
135
131
127
122
120
120
120
117
116
115
116
118
121
126
129
132
133
134
133
135
134
135
133
132
130
128
126
126
126
126
125
123
126
128
129
130
130
132
126
124
124
124
126
128
128
129
130
128
132
135
137
139
139
135
128
126
123
120
118
118
115
115
116
119
122
128
132
135
137
137
138
138
141
139
137
137
134
129
125
123
120
118
117
119
119
121
122
124
125
126
128
131
134
134
136
134
133
131
129
130
130
130
130
130
127
126
127
126
125
127
128
125
127
127
126
127
130
126
125
128
122
125
128
128
129
134
132
132
137
137
133
133
135
128
126
126
119
115
116
117
116
123
124
126
129
131
132
134
138
135
138
138
135
133
133
132
128
125
125
122
119
120
121
120
121
122
125
126
126
129
133
134
133
136
137
134
132
133
130
129
126
125
125
124
122
123
125
122
123
125
127
129
132
133
132
130
134
127
124
128
122
123
122
124
129
133
132
135
141
138
136
138
138
129
126
125
115
111
109
110
110
117
124
128
133
137
138
140
143
139
141
140
135
131
130
128
122
121
121
120
115
116
119
120
123
125
130
130
132
133
136
139
137
137
137
135
128
128
128
127
125
125
124
121
122
121
124
126
123
125
125
126
126
132
132
131
135
138
127
130
131
126
129
126
129
129
132
129
134
134
132
130
130
130
121
122
121
115
111
116
116
116
127
132
135
140
145
141
141
139
133
134
132
128
124
125
121
115
118
120
119
120
125
126
126
130
132
132
135
137
135
136
136
132
130
134
129
125
127
126
122
123
123
122
126
125
124
123
124
123
124
127
127
128
131
132
132
134
139
139
129
129
128
123
123
125
130
129
131
130
134
133
132
130
131
127
122
120
119
113
111
118
119
122
131
139
141
143
147
141
136
134
130
126
124
123
120
119
120
118
120
127
125
124
129
129
128
131
132
133
132
134
132
132
134
131
129
131
132
127
128
129
126
124
126
123
122
123
120
118
119
124
122
127
132
131
133
136
137
140
144
139
133
133
132
116
114
120
120
118
121
123
128
134
135
137
141
144
137
134
129
123
121
117
112
108
115
119
121
128
138
140
144
143
140
138
134
129
123
122
119
116
116
120
121
124
133
133
131
135
136
135
135
132
128
129
130
124
125
128
128
128
129
128
127
131
128
123
125
128
121
120
122
122
122
124
126
130
135
136
138
139
137
133
133
134
132
129
127
122
122
119
114
115
117
123
126
130
132
140
143
146
142
139
139
135
130
122
118
112
111
109
106
110
119
128
132
137
141
145
144
139
131
129
128
124
122
121
120
126
132
132
131
138
140
137
135
132
128
125
123
118
114
117
117
117
122
125
126
131
134
133
134
136
134
132
132
129
126
127
126
124
124
128
129
130
131
132
132
131
132
132
130
129
125
121
121
119
117
121
124
124
127
130
133
137
141
139
139
141
140
132
128
126
123
120
118
115
113
116
117
116
117
122
127
132
134
136
138
140
139
137
137
136
135
135
135
130
128
129
127
123
122
120
118
119
119
117
117
120
122
124
129
131
133
136
139
135
136
135
133
131
130
126
124
124
124
122
123
125
129
130
131
130
131
133
132
128
128
128
126
123
124
123
122
125
126
127
130
131
130
133
135
134
131
131
130
129
128
127
125
125
126
123
121
123
124
124
126
126
127
128
130
130
129
131
132
132
133
133
131
133
132
130
129
130
130
129
127
126
126
126
125
124
124
124
124
124
124
124
125
125
127
128
128
130
131
131
132
133
132
134
134
132
131
130
128
127
126
125
124
125
124
122
124
126
125
125
127
128
130
130
131
132
132
130
129
130
129
127
128
127
126
125
125
126
125
125
127
127
127
128
129
127
129
130
129
128
130
130
129
130
129
129
130
129
127
127
128
125
126
128
126
125
126
126
126
128
129
129
130
130
129
129
130
129
128
128
127
126
126
125
125
126
127
127
127
129
130
130
131
133
133
134
133
130
130
128
126
123
125
124
122
123
124
125
126
128
130
130
132
132
132
131
132
130
129
128
128
127
126
126
125
126
126
127
127
127
127
127
128
129
129
129
129
131
130
129
129
129
129
129
128
128
128
128
128
127
128
128
128
126
126
126
125
125
126
126
127
127
128
129
131
131
132
131
132
131
129
130
130
128
127
127
127
126
125
125
127
126
126
127
128
128
129
129
129
129
130
129
129
129
129
128
128
128
128
127
127
127
128
128
129
129
128
129
129
129
128
128
128
129
128
128
128
127
127
127
129
127
128
128
129
129
128
128
128
129
127
127
127
127
127
128
128
128
129
128
128
128
128
128
128
127
127
127
128
128
129
128
129
129
130
129
129
129
129
128
128
128
127
127
127
126
127
126
126
127
127
128
128
128
129
129
129
129
128
130
129
128
128
128
128
128
127
128
128
129
128
128
128
129
128
127
128
128
128
127
127
126
126
127
128
128
129
129
130
129
131
130
130
130
130
129
128
127
127
126
125
125
125
126
126
127
128
129
129
129
130
129
129
129
129
129
129
128
128
127
128
126
127
127
127
128
127
129
128
128
128
129
128
130
130
128
128
129
127
127
127
127
127
127
128
128
128
128
129
128
129
127
128
128
127
127
128
128
128
127
129
128
129
129
130
130
130
129
128
128
127
127
126
126
127
127
127
127
128
128
128
129
130
130
129
129
130
128
128
127
127
126
126
126
127
126
126
127
128
128
129
129
130
131
130
130
130
130
128
128
127
127
127
126
125
127
128
128
128
128
129
129
129
130
128
128
128
128
128
128
127
126
128
127
127
128
128
128
128
129
129
130
128
128
128
128
128
128
128
127
128
128
128
129
128
129
128
129
129
129
128
127
127
128
127
128
128
128
128
128
128
129
128
129
128
127
129
129
127
127
127
128
127
127
127
128
128
128
128
128
129
129
129
130
129
128
129
128
128
128
128
128
127
127
125
127
127
127
128
128
129
130
129
129
129
129
129
129
128
127
128
128
128
127
127
126
127
127
127
127
127
129
129
129
129
129
129
129
129
128
129
128
128
127
127
127
128
128
128
127
128
127
128
129
129
128
128
129
128
128
127
127
127
128
128
128
129
129
128
129
129
129
129
128
129
127
128
127
127
127
128
127
127
129
128
128
128
127
128
127
128
128
127
127
128
129
129
128
129
128
128
128
128
128
128
128
128
128
128
127
128
128
127
127
128
127
128
129
128
127
127
128
128
128
127
127
127
128
128
128
128
129
128
129
129
130
129
129
130
129
128
127
127
126
126
127
127
127
127
128
129
130
129
130
129
130
129
129
129
128
128
128
127
128
126
128
128
128
128
127
128
128
128
127
128
127
128
128
129
129
129
129
129
130
130
129
129
128
128
128
128
127
127
127
127
127
127
128
128
127
128
128
128
129
129
130
130
130
129
128
128
128
127
127
128
127
126
126
127
128
129
129
128
129
130
130
129
129
129
128
128
128
127
128
127
128
128
128
127
128
128
128
128
128
127
128
128
128
128
127
128
129
129
129
129
128
128
128
128
127
128
128
127
127
128
127
127
128
128
128
129
129
129
129
129
129
128
128
128
127
128
128
128
128
128
127
128
127
128
129
128
128
128
128
128
128
128
128
128
128
129
128
128
128
128
129
129
129
128
128
128
128
128
127
126
127
126
128
128
129
128
129
130
129
129
129
128
128
129
127
128
127
127
127
128
129
128
128
128
128
129
128
128
129
128
128
128
127
127
128
128
128
128
128
128
128
128
128
129
128
128
128
128
128
128
128
127
128
128
129
128
127
128
129
128
128
127
128
128
128
128
128
127
127
128
128
128
128
129
128
129
129
129
128
128
128
128
128
127
127
127
127
127
128
128
128
128
129
128
129
129
129
129
129
128
128
128
128
127
128
128
128
127
128
128
128
128
128
128
128
128
128
128
128
127
128
128
128
128
129
128
128
129
129
128
128
128
128
128
127
127
127
127
127
128
127
128
128
128
128
129
129
128
128
128
127
129
129
128
128
127
128
127
127
127
128
127
128
128
128
128
128
128
128
128
128
128
128
128
128
128
128
128
128
129
128
128
127
128
128
128
128
128
128
128
128
128
127
127
127
127
128
128
129
128
129
128
128
129
129
128
128
129
127
128
129
127
128
128
128
128
128
129
129
128
128
128
128
127
128
127
128
128
128
127
127
127
128
128
129
128
129
129
128
128
128
128
128
128
127
128
128
126
127
128
128
127
128
128
129
128
128
129
128
128
127
128
128
128
128
127
128
128
128
128
129
128
129
128
127
128
127
129
128
128
128
127
127
128
129
129
127
128
128
128
128
128
127
128
128
128
128
128
128
128
127
127
128
128
129
128
129
128
128
128
128
128
128
128
128
128
128
128
128
128
128
128
128
128
128
128
129
128
129
128
128
128
128
128
128
128
129
128
128
127
128
128
128
127
127
127
128
128
128
127
128
128
128
128
129
129
128
128
128
128
128
129
128
128
128
128
128
128
128
128
129
128
128
128
128
128
128
128
128
128
129
127
127
128
128
128
128
128
128
128
128
129
129
128
128
128
128
128
127
128
127
127
128
128
127
128
128
128
129
129
128
128
128
129
128
128
127
129
128
127
127
127
128
128
128
129
127
128
128
128
128
129
128
128
128
129
127
128
128
128
128
128
128
128
128
128
128
128
127
128
128
129
128
128
128
128
129
128
128
129
127
128
128
127
129
128
128
128
128
128
128
127
128
128
128
128
128
128
127
127
128
128
128
128
128
128
128
127
128
129
128
127
128
128
127
128
128
128
128
128
128
128
129
127
128
128
128
128
128
128
128
128
128
128
129
128
128
128
129
127
129
128
128
129
128
128
128
128
128
128
128
128
127
128
128
128
127
128
127
129
129
129
128
128
129
129
128
129
128
128
128
129
127
127
129
128
128
128
127
128
128
128
128
128
128
128
129
128
127
128
128
129
128
128
128
129
129
128
128
128
128
128
128
128
127
127
128
127
129
128
128
129
128
128
128
129
129
128
129
128
128
128
127
129
128
128
