0.0
0.003906371451635149
0.015134115650502178
0.03225553766641665
0.053041962101759293
0.07467660721241873
0.0940269937792246
0.1079537223064863
0.11362912141703731
0.10883805591460656
0.0922341987540613
0.06352825962429405
0.02358979842698413
-0.02554904324815123
-0.08079178836910476
-0.13817349763711165
-0.19314183244241495
-0.24090357671862317
-0.27681096748850675
-0.29675812561922904
-0.29755603469931596
-0.27725507911641134
-0.2353871360423861
-0.17310445145327016
-0.09319967596225193
2.509833324534756e-16
0.10086229920135438
0.20279108717713573
0.29865864915181334
0.38130063046263446
0.44403946898810404
0.4811987085376882
0.488569811094386
0.46379511614058627
0.40663535881991436
0.3190973866126503
0.20540695222738967
0.0718220973778817
-0.07370604951932908
-0.22200705324403625
-0.3632712640026802
-0.48769938849386185
-0.5861784855012692
-0.6509379670402956
-0.6761389966740099
-0.6583537650689024
-0.5968973631305782
-0.4939840141197067
-0.35469071156578774
-0.18672411209588963
9.84643032387677e-16
0.19394214535699442
0.3826549109501037
0.5535844762400056
0.6949061294306881
0.7963381429907798
0.8498782267863935
0.8504104360350352
0.7961377246501502
0.6888058929295094
0.53369784085559
0.3393919708499312
0.11729431340484381
-0.11903057364230753
-0.35469071156578885
-0.5744087194174976
-0.7635149305504588
-0.9089268838187833
-1.0000497855689436
-1.0295362252697264
-0.9938513294559365
-0.8936012162235336
-0.7335973635638339
-0.5226464065456735
-0.27307284531777126
-8.164527690828059e-16
0.27956890363057507
0.5478135210906052
0.7872363623600468
0.9818067755525669
1.1180339887498945
1.185897401396898
1.1795702648345248
1.097885206880588
0.9445060028606186
0.727788586375646
0.4603343463659211
0.1582589747470667
-0.1597808195733289
-0.4737438047549107
-0.7634719698772254
-1.0099890220101067
-1.1967457317232102
-1.310730251672558
-1.343368954098894
-1.2911557446102242
-1.155964475714355
-0.9450189777323442
-0.6705170932254918
-0.348927542235107
3.638766177811292e-15
0.35445198572167874
0.6919199648329569
0.9906351965618286
1.230977137893544
1.3967644153220373
1.476343203930644
1.4633998698670494
1.3574415763117227
1.1639092767868633
0.8939108246698287
0.5635863311095443
0.19314183244241007
-0.1943907782142614
-0.5745911892058877
-0.9231954206945818
-1.217649801762275
-1.4385743123002555
-1.5710400892703897
-1.60557676739203
-1.5388417685876257
-1.37390466867582
-1.1201240425593448
-0.7926201840429726
-0.41137314938516784
3.8714337316791985e-15
0.4157136767804617
0.8094363123599697
1.1559644757143577
1.432841739165204
1.6218179687278595
1.7100539650801438
1.690991838584684
1.5648322272272042
1.338584169934031
1.025680571282921
0.645180009211478
0.22060235783218368
-0.22153040826402406
-0.6533573564901337
-1.0474409892285967
-1.3785169824985992
-1.625119288817368
-1.7709757372869923
-1.806083165932115
-1.7273909663906124
-1.5390464757146853
-1.2521833686035935
-0.8842633256942024
-0.45800991710507677
-2.715422669490481e-15
0.46099972437549375
0.8958464763400981
1.2768706883375305
1.5796430359476497
1.784545967121467
1.8780483113609248
1.8535999392646587
1.7120872532183675
1.461818024117285
1.1180339887498971
0.7019797813805372
0.23958525832569416
-0.24015674895988443
-0.7070153669714905
-1.1314339879582465
-1.4864085286787287
-1.7492118424426264
-1.9028537808942916
-1.937182801268537
-1.849557498087217
-1.6450435897990452
-1.3361219900249295
-0.9419247236395902
-0.48704562056555833
1.0574673574588331e-14
0.48856981109439357
0.9478297626309682
1.3487074764852238
1.6657395367326477
1.8786948647835089
1.9738703142577325
1.9449752337895143
1.7935477262179425
1.5288750314307042
1.167421987029888
0.7318028642259391
0.24936103170270907
-0.2495540004746728
-0.7335031733989187
-1.171946613046141
-1.5371782286892415
-1.806083165932117
-1.9616062208345175
-1.9938375879368404
-1.900646572376128
-1.6878226012785016
-1.368714192675452
-0.9633884826929794
-0.4973644339660363
1.0291984957930474e-14
0.49736443396604246
0.9633884826929849
1.3687141926754567
1.687822601278505
1.9006465723761345
1.9938375879368408
1.9616062208345164
1.8060831659321144
1.537178228689237
1.1719466130461242
0.7335031733989127
0.2495540004746665
-0.24936103170271537
-0.731802864225945
-1.1674219870299047
-1.528875031430708
-1.793547726217945
-1.9449752337895154
-1.973870314257732
-1.8786948647835024
-1.6657395367326444
-1.3487074764852192
-0.9478297626309626
-0.488569811094374
9.613781131151007e-15
0.4870456205655644
0.9419247236395957
1.336121990024934
1.6450435897990558
1.8495574980872231
1.9371828012685375
1.9028537808942902
1.7492118424426235
1.486408528678716
1.1314339879582305
0.7070153669714847
0.24015674895987835
-0.2395852583257002
-0.7019797813805553
-1.1180339887499022
-1.4618180241172887
-1.71208725321837
-1.8535999392646598
-1.8780483113609237
-1.784545967121465
-1.5796430359476463
-1.276870688337526
-0.8958464763400928
-0.46099972437547515
8.603413361715842e-15
0.4580099171050824
0.8842633256942075
1.2521833686035977
1.539046475714695
1.7273909663906142
1.8060831659321153
1.7709757372869912
1.6251192888173656
1.3785169824985957
1.0474409892286023
0.6533573564901165
0.22153040826400597
-0.22060235783220164
-0.6451800092114945
-1.0256805712829253
-1.3385841699340344
-1.5648322272272064
-1.6909918385846852
-1.7100539650801432
-1.6218179687278618
-1.4328417391651942
-1.1559644757143448
-0.8094363123599544
-0.4157136767804508
7.335564823640554e-15
0.4113731493851729
0.7926201840429773
1.1201240425593484
1.3739046686758198
1.5388417685876254
1.6055767673920307
1.571040089270386
1.438574312300248
1.2176498017622683
0.923195420694573
0.574591189205883
0.19439077821425652
-0.19314183244241492
-0.5635863311095438
-0.8939108246698281
-1.1639092767868728
-1.3574415763117287
-1.463399869867051
-1.4763432039306432
-1.3967644153220342
-1.2309771378935412
-0.9906351965618251
-0.6919199648329573
-0.35445198572167924
-4.156589069930368e-15
0.34892754223512085
0.6705170932255041
0.9450189777323507
1.1559644757143597
1.2911557446102269
1.3433689540988942
1.3107302516725572
1.1967457317232104
1.009989022010107
0.7634719698772259
0.47374380475489825
0.15978081957331583
-0.15825897474707507
-0.46033434636592885
-0.7277885863756526
-0.944506002860621
-1.0978852068805893
-1.1795702648345248
-1.185897401396898
-1.1180339887498962
-0.9818067755525602
-0.7872363623600379
-0.5478135210905984
-0.2795689036305677
4.357165866173664e-15
0.2730728453177746
0.5226464065456765
0.7335973635638336
0.8936012162235334
0.9938513294559393
1.0295362252697262
1.0000497855689414
0.90892688381878
0.7635149305504543
0.574408719417495
0.35469071156578597
0.11903057364230618
-0.11729431340484346
-0.339391970849931
-0.5336978408555986
-0.6888058929295148
-0.796137724650153
-0.8504104360350359
-0.8498782267863927
-0.7963381429907782
-0.6949061294306865
-0.5535844762400048
-0.3826549109501039
-0.19394214535699605
8.252065891527512e-15
0.18672411209589695
0.354690711565793
0.49398401411971005
0.5968973631305797
0.6583537650689031
0.6761389966740098
0.6509379670402953
0.5861784855012693
0.48769938849386285
0.36327126400267473
0.22200705324403022
0.07370604951932405
-0.07182209737788549
-0.2054069522273921
-0.3190973866126516
-0.40663535881991525
-0.4637951161405865
-0.488569811094386
-0.4811987085376884
-0.44403946898810176
-0.38130063046263174
-0.2986586491518103
-0.20279108717713307
-0.10086229920135235
1.3388997921031057e-15
0.09319967596225273
0.17310445145327033
0.23538713604238604
0.2772550791164111
0.2975560346993163
0.29675812561922865
0.27681096748850587
0.24090357671862203
0.1931418324424139
0.13817349763711084
0.08079178836910424
0.02554904324815112
-0.023589798426983985
-0.0635282596242957
-0.09223419875406223
-0.10883805591460693
-0.11362912141703728
-0.10795372230648605
-0.09402699377922426
-0.07467660721241845
-0.05304196210175914
-0.032255537666416624
-0.015134115650502239
-0.003906371451634788
-6.620309648391697e-30
-0.0039063714516354205
-0.015134115650502603
-0.03225553766641711
-0.053041962101759696
-0.07467660721241899
-0.0940269937792247
-0.1079537223064863
-0.11362912141703732
-0.10883805591460609
-0.09223419875406037
-0.06352825962429287
-0.023589798426982844
0.025549043248152454
0.0807917883691057
0.13817349763711226
0.19314183244241523
0.24090357671862309
0.2768109674885066
0.2967581256192296
0.2975560346993155
0.2772550791164103
0.2353871360423847
0.17310445145326853
0.09319967596225051
-1.1477664013817646e-15
-0.10086229920135495
-0.2027910871771356
-0.2986586491518125
-0.38130063046263774
-0.4440394689881059
-0.48119870853768903
-0.48856981109438585
-0.4637951161405855
-0.4066353588199134
-0.31909738661264897
-0.20540695222738892
-0.07182209737788191
0.07370604951932781
0.22200705324404224
0.3632712640026857
0.4876993884938656
0.5861784855012714
0.6509379670402966
0.6761389966740099
0.6583537650689022
0.5968973631305776
0.4939840141197069
0.3546907115657803
0.1867241120958823
-7.502222626675317e-15
-0.193942145357001
-0.3826549109501085
-0.5535844762400088
-0.6949061294306896
-0.7963381429907802
-0.8498782267863934
-0.8504104360350352
-0.7961377246501462
-0.688805892929504
-0.5336978408555841
-0.3393919708499256
-0.11729431340483759
0.11903057364231223
0.35469071156579174
0.5744087194175003
0.7635149305504585
0.9089268838187831
1.0000497855689463
1.0295362252697262
0.9938513294559338
0.8936012162235301
0.7335973635638288
0.5226464065456705
0.2730728453177679
-2.7242603280080526e-15
-0.2795689036305747
-0.5478135210906049
-0.7872363623600559
-0.9818067755525739
-1.1180339887498987
-1.1858974013968988
-1.1795702648345237
-1.0978852068805867
-0.9445060028606163
-0.7277885863756465
-0.4603343463659215
-0.15825897474706718
0.15978081957334198
0.4737438047549232
0.7634719698772326
1.0099890220101126
1.1967457317232144
1.310730251672559
1.3433689540988938
1.2911557446102244
1.1559644757143552
0.9450189777323446
0.6705170932254795
0.34892754223509315
-1.3169535021268379e-14
-0.3544519857216881
-0.6919199648329655
-0.990635196561832
-1.2309771378935463
-1.396764415322037
-1.476343203930644
-1.4633998698670494
-1.3574415763117165
-1.1639092767868537
-0.8939108246698206
-0.5635863311095548
-0.1931418324424052
0.19439077821428824
0.5745911892058924
0.9231954206945997
1.2176498017622748
1.4385743123002628
1.5710400892703882
1.6055767673920294
1.5388417685876292
1.3739046686758145
1.1201240425593244
0.7926201840429682
0.4113731493851401
-3.262538426462144e-15
-0.41571367678048426
-0.8094363123599639
-1.1559644757143706
-1.4328417391652002
-1.6218179687278653
-1.710053965080142
-1.6909918385846832
-1.564832227227192
-1.3385841699340275
-1.0256805712828967
-0.6451800092114842
-0.22060235783216575
0.22153040826401718
0.6533573564901507
1.047440989228591
1.3785169824986032
1.6251192888173815
1.7709757372869934
1.8060831659321135
1.7273909663906108
1.5390464757146753
1.2521833686035984
0.884263325694186
0.4580099171050837
-1.6301685833601524e-14
-0.4609997243754739
-0.8958464763401032
-1.2768706883375545
-1.579643035947653
-1.7845459671214774
-1.878048311360924
-1.8535999392646554
-1.7120872532183706
-1.4618180241172727
-1.1180339887499033
-0.7019797813805315
-0.23958525832566122
0.2401567489598905
0.7070153669715217
1.1314339879582402
1.4864085286787416
1.749211842442623
1.9028537808942954
1.9371828012685375
1.8495574980872151
1.6450435897990565
1.336121990024925
0.9419247236395605
0.48704562056555223
-3.076312828032768e-14
-0.48856981109438613
-0.947829762630986
-1.3487074764852183
-1.6657395367326588
-1.878694864783502
-1.973870314257733
-1.944975233789508
-1.7935477262179396
-1.5288750314306823
-1.1674219870298945
-0.7318028642259201
-0.2493610317027168
0.24955400047469314
0.7335031733989114
1.171946613046146
1.5371782286892632
1.8060831659321197
1.9616062208345242
1.99383758793684
1.9006465723761217
1.6878226012785058
1.368714192675437
0.9633884826929863
0.4973644339660164
1.175660927181459e-14
-0.4973644339660487
-0.9633884826930155
-1.3687141926754613
-1.6878226012785233
-1.900646572376132
-1.993837587936842
-1.9616062208345177
-1.8060831659321055
-1.5371782286892424
-1.1719466130461191
-0.7335031733988805
-0.2495540004746602
0.24936103170274962
0.731802864225951
1.1674219870299212
1.5288750314307034
1.7935477262179536
1.944975233789514
1.9738703142577307
1.8786948647835093
1.6657395367326413
1.3487074764851943
0.9478297626309571
0.4885698110943544
-1.9266415836524124e-15
-0.4870456205655838
-0.941924723639589
-1.3361219900249486
-1.6450435897990443
-1.849557498087225
-1.9371828012685395
-1.9028537808942891
-1.749211842442609
-1.4864085286787208
-1.1314339879582143
-0.7070153669714918
-0.24015674895985878
0.23958525832569277
0.701979781380561
1.1180339887498851
1.4618180241172924
1.7120872532183837
1.8535999392646607
1.878048311360922
1.7845459671214674
1.579643035947636
1.2768706883375316
0.8958464763400759
0.4609997243754951
-1.4491404053941198e-14
-0.4580099171051133
-0.8842633256942126
-1.2521833686036206
-1.539046475714691
-1.72739096639062
-1.806083165932115
-1.7709757372869874
-1.6251192888173684
-1.3785169824985837
-1.0474409892285668
-0.653357356490123
-0.22153040826398787
0.2206023578321948
0.6451800092115113
1.0256805712829196
1.3385841699340455
1.5648322272272035
1.6909918385846878
1.7100539650801438
1.621817968727856
1.4328417391651844
1.1559644757143497
0.8094363123599391
0.4157136767804571
-2.4450510309228703e-14
-0.41137314938516667
-0.792620184042992
-1.120124042559344
-1.3739046686758285
-1.5388417685876368
-1.6055767673920303
-1.5710400892703826
-1.4385743123002508
-1.2176498017622575
-0.9231954206945782
-0.5745911892058679
-0.19439077821426254
0.1931418324424306
0.5635863311095383
0.8939108246698406
1.1639092767868824
1.3574415763117265
1.4633998698670534
1.4763432039306439
1.396764415322029
1.2309771378935443
0.990635196561814
0.6919199648329624
0.3544519857216649
-3.049565911246709e-14
-0.3489275422351156
-0.6705170932255164
-0.945018977732347
-1.1559644757143666
-1.291155744610225
-1.3433689540988942
-1.3107302516725583
-1.1967457317232042
-1.0099890220100856
-0.7634719698772147
-0.4737438047548857
-0.15978081957332085
0.15825897474708792
0.46033434636592435
0.7277885863756626
0.944506002860618
1.0978852068805944
1.179570264834524
1.1858974013968968
1.118033988749886
0.9818067755525628
0.7872363623600289
0.5478135210906024
0.27956890363055636
-2.7510977320321247e-18
-0.27307284531778536
-0.5226464065456728
-0.7335973635638412
-0.8936012162235463
-0.9938513294559382
-1.0295362252697267
-1.0000497855689423
-0.9089268838187751
-0.7635149305504568
-0.5744087194174866
-0.3546907115657895
-0.1190305736422964
0.11729431340483985
0.3393919708499396
0.5336978408556058
0.6888058929295128
0.7961377246501564
0.8504104360350354
0.8498782267863915
0.7963381429907794
0.6949061294306814
0.5535844762400073
0.3826549109500965
0.1939421453569772
-5.2526928321186856e-15
-0.1867241120959043
-0.3546907115657906
-0.49398401411971504
-0.5968973631305785
-0.6583537650689048
-0.6761389966740099
-0.6509379670402935
-0.5861784855012706
-0.4876993884938582
-0.3632712640026692
-0.2220070532440325
-0.07370604951931796
0.0718220973778833
0.20540695222739722
0.31909738661264997
0.40663535881991825
0.46379511614058583
0.48856981109438635
0.4811987085376862
0.44403946898810254
0.3813006304626287
0.2986586491518116
0.20279108717712893
0.10086229920135396
-5.3546331113587035e-15
-0.09319967596225137
-0.17310445145327327
-0.23538713604239117
-0.2772550791164124
-0.2975560346993167
-0.2967581256192288
-0.2768109674885047
-0.24090357671862267
-0.1931418324424118
-0.1381734976371117
-0.0807917883691019
-0.025549043248151947
0.023589798426985827
0.06352825962429712
0.09223419875406187
0.10883805591460737
0.1136291214170373
0.10795372230648563
0.09402699377922455
0.07467660721241759
0.05304196210175948
0.032255537666415826
0.015134115650500825
0.003906371451634908
2.648123859356679e-29
0.003906371451635301
0.015134115650503198
0.03225553766641681
0.053041962101760584
0.07467660721241866
0.09402699377922541
0.10795372230648616
0.11362912141703736
0.10883805591460566
0.0922341987540607
0.06352825962429146
0.023589798426983548
-0.02554904324815462
-0.08079178836910479
-0.1381734976371146
-0.19314183244241442
-0.2409035767186249
-0.2768109674885094
-0.2967581256192294
-0.2975560346993152
-0.2772550791164108
-0.23538713604238254
-0.17310445145326964
-0.09319967596224693
-3.8130072438897445e-16
0.10086229920135917
0.202791087177134
0.2986586491518162
0.3813006304626408
0.4440394689881051
0.48119870853769
0.4885698110943859
0.4637951161405837
0.4066353588199146
0.3190973866126448
0.2054069522273909
0.07182209737787613
-0.0737060495193423
-0.22200705324403994
-0.3632712640026912
-0.4876993884938639
-0.5861784855012748
-0.6509379670402959
-0.6761389966740101
-0.6583537650689029
-0.5968973631305743
-0.493984014119695
-0.3546907115657827
-0.18672411209587497
4.502849567266483e-15
0.1939421453570089
0.3826549109501057
0.5535844762400152
0.6949061294306876
0.7963381429907834
0.8498782267863929
0.8504104360350342
0.7961377246501431
0.688805892929506
0.5336978408555769
0.33939197084992895
0.1172943134048281
-0.11903057364230851
-0.3546907115658012
-0.574408719417497
-0.7635149305504654
-0.9089268838187947
-1.0000497855689454
-1.0295362252697262
-0.9938513294559349
-0.8936012162235247
-0.7335973635638318
-0.5226464065456611
-0.27307284531777204
1.4160101290631406e-14
0.2795689036305704
0.5478135210906154
0.7872363623600648
0.9818067755525713
1.118033988749903
1.1858974013968981
1.1795702648345219
1.0978852068805884
0.9445060028606086
0.7277885863756501
0.46033434636590975
0.1582589747470366
-0.15978081957333704
-0.4737438047549357
-0.7634719698772284
-1.0099890220101218
-1.196745731723212
-1.310730251672562
-1.343368954098894
-1.2911557446102204
-1.1559644757143381
-0.9450189777323346
-0.6705170932254673
-0.3489275422350985
2.7724599732513552e-14
0.3544519857216826
0.6919199648329787
0.9906351965618276
1.230977137893555
1.3967644153220353
1.4763432039306454
1.4633998698670436
1.3574415763117187
1.1639092767868442
0.8939108246698252
0.5635863311095203
0.1931418324424112
-0.1943907782142822
-0.5745911892058867
-0.9231954206945947
-1.2176498017623
-1.43857431230026
-1.5710400892703964
-1.6055767673920296
-1.5388417685876177
-1.3739046686758178
-1.120124042559329
-0.7926201840429737
-0.41137314938514635
-3.2543038090233134e-15
0.4157136767804778
0.8094363123600004
1.1559644757143657
1.432841739165223
1.621817968727863
1.7100539650801454
1.6909918385846843
1.5648322272271946
1.3385841699340315
1.025680571282902
0.6451800092114446
0.22060235783217258
-0.22153040826406026
-0.6533573564901443
-1.0474409892286267
-1.3785169824985983
-1.6251192888173787
-1.770975737286992
-1.8060831659321137
-1.7273909663906128
-1.5390464757146793
-1.2521833686035664
-0.8842633256941922
-0.4580099171050402
9.06055871496024e-15
0.460999724375518
0.8958464763400968
1.2768706883375491
1.579643035947649
1.7845459671214752
1.8780483113609279
1.8535999392646567
1.7120872532183513
1.4618180241172773
1.1180339887498658
0.7019797813805384
0.2395852583256686
-0.24015674895988304
-0.7070153669715146
-1.1314339879582789
-1.486408528678737
-1.7492118424426435
-1.9028537808942938
-1.937182801268535
-1.8495574980872174
-1.6450435897990314
-1.3361219900249304
-0.9419247236395673
-0.4870456205655597
2.3075988732829078e-14
0.4885698110944328
0.9478297626309793
1.3487074764852536
1.6657395367326548
1.878694864783517
1.9738703142577325
1.9449752337895096
1.793547726217943
1.5288750314306874
1.1674219870298552
0.7318028642259273
0.24936103170266846
-0.2495540004746854
-0.7335031733989568
-1.1719466130461398
-1.5371782286892584
-1.8060831659321164
-1.9616062208345226
-1.9938375879368406
-1.900646572376124
-1.6878226012784794
-1.3687141926754427
-0.9633884826929433
-0.497364433966024
3.7249070074450366e-14
0.4973644339660411
0.9633884826930086
1.3687141926754556
1.6878226012785191
1.9006465723761472
1.9938375879368415
1.9616062208345086
1.8060831659321088
1.5371782286892108
1.1719466130461254
0.7335031733988877
0.249554000474668
-0.24936103170274193
-0.7318028642259437
-1.167421987029915
-1.528875031430734
-1.7935477262179502
-1.944975233789523
-1.9738703142577312
-1.8786948647834942
-1.6657395367326149
-1.348707476485241
-0.947829762630964
