-1
0
-1
-7
-13
-16
-13
-4
5
11
10
6
0
-2
3
13
23
31
33
28
22
8
-4
-14
-17
-8
7
22
27
17
-1
-17
-24
-18
-4
6
11
7
-1
-10
-17
-18
-15
-10
-3
0
-2
-7
-14
-16
-11
-2
8
14
13
5
-2
-2
4
16
26
31
31
27
19
8
-4
-15
-19
-11
5
22
27
16
-4
-22
-28
-20
-6
5
8
2
-9
-19
-22
-20
-14
-8
-6
-7
-11
-17
-19
-17
-9
1
9
10
5
-3
-7
-2
8
19
26
28
26
24
17
2
-14
-27
-26
-8
15
30
26
5
-20
-34
-31
-16
0
8
5
-6
-18
-23
-22
-17
-10
-7
-8
-10
-16
-20
-19
-12
-1
8
11
7
-1
-6
-3
7
17
26
29
29
28
25
17
0
-20
-29
-22
2
28
37
24
-3
-27
-34
-23
-5
10
12
2
-13
-20
-19
-12
-5
-4
-7
-9
-14
-14
-13
-9
0
8
12
12
6
0
0
6
16
26
31
33
31
30
30
17
-4
-21
-28
-13
15
35
38
18
-11
-30
-30
-16
3
13
7
-7
-18
-19
-12
-5
-4
-8
-12
-15
-14
-12
-10
-5
1
7
10
8
6
4
6
13
19
25
30
33
34
30
16
-7
-28
-33
-18
9
31
33
14
-13
-32
-31
-16
0
7
3
-9
-19
-21
-17
-12
-9
-12
-15
-18
-21
-21
-18
-13
-5
2
4
1
