162
164
147
115
90
86
109
147
170
168
139
105
89
97
120
140
142
127
108
101
106
115
121
118
112
109
109
110
112
111
116
124
132
135
131
124
122
124
129
141
146
150
153
151
152
156
159
154
132
99
83
90
121
155
170
155
123
94
88
103
126
139
136
119
105
103
109
115
117
113
110
111
112
111
109
110
117
127
133
134
128
123
124
128
135
141
144
149
153
156
158
158
159
155
132
106
91
95
122
154
168
158
130
101
93
105
125
140
139
125
113
110
112
118
120
115
114
116
116
117
114
113
120
129
135
137
131
126
128
132
138
143
149
150
153
158
161
165
168
161
134
102
86
92
125
161
175
162
129
98
91
106
128
143
139
123
112
110
115
120
119
113
111
113
116
117
113
110
115
123
131
134
129
124
123
127
132
139
145
148
153
156
160
162
163
159
130
98
83
87
121
159
171
158
125
92
87
102
123
138
137
122
112
110
113
119
115
107
104
107
113
118
114
109
110
115
124
128
125
123
122
125
130
134
138
145
149
159
163
163
161
162
140
106
87
80
107
149
171
168
141
101
86
95
114
136
144
131
121
116
115
120
118
107
104
107
116
127
123
112
109
112
122
134
134
130
127
125
131
137
141
149
155
161
169
171
166
170
151
113
93
83
103
148
174
175
154
113
90
97
114
134
146
136
125
123
121
123
124
111
106
110
114
124
125
116
115
117
122
131
131
128
128
128
132
137
138
144
152
159
167
169
163
163
162
132
105
89
87
121
158
171
165
133
98
92
101
122
132
129
126
123
129
129
120
105
93
95
109
125
130
120
108
103
109
123
129
129
128
124
125
128
129
134
145
156
164
166
161
153
157
139
107
90
81
104
147
170
167
141
101
83
95
115
136
142
128
116
116
116
120
117
102
97
103
112
124
123
111
107
109
117
128
128
126
124
124
128
135
140
144
154
157
161
164
160
161
155
121
96
86
95
134
167
170
153
120
93
97
114
130
140
134
122
123
125
124
123
109
98
103
113
126
132
121
112
111
116
126
133
131
130
130
130
134
139
142
152
160
165
168
164
161
160
134
104
91
91
122
160
173
163
135
102
94
108
124
138
139
127
124
127
125
123
112
99
99
110
122
130
123
111
107
112
122
130
130
126
125
126
129
134
138
145
152
159
163
163
157
160
147
112
92
81
99
140
167
166
146
111
89
97
112
128
136
128
120
124
124
122
115
98
93
99
112
125
125
115
106
105
113
123
126
125
123
123
126
131
134
139
147
154
159
162
160
158
160
133
100
84
82
115
156
172
163
134
100
91
104
120
134
135
126
125
129
129
126
111
97
98
108
120
128
123
116
113
114
119
124
124
125
128
130
134
136
135
140
149
158
169
170
164
162
160
132
105
89
88
123
162
177
168
136
100
94
107
124
141
141
130
129
131
131
129
113
101
102
112
124
130
123
116
114
116
122
126
124
123
125
128
133
138
139
141
147
155
163
168
164
160
163
138
106
88
83
112
155
175
168
140
102
90
102
119
135
139
128
125
129
127
126
114
98
98
107
118
125
120
111
110
112
116
121
119
117
120
123
127
133
133
134
141
146
153
159
159
157
159
153
121
93
79
87
128
165
172
155
120
91
92
109
126
136
132
121
122
127
127
123
109
99
101
109
118
121
117
113
114
116
117
117
117
120
125
130
131
132
131
135
143
152
162
163
159
155
156
152
123
98
85
96
134
167
174
154
120
94
97
116
133
142
136
125
124
129
131
129
116
105
106
113
121
126
123
119
118
118
120
121
122
125
130
132
132
132
132
137
147
155
162
164
159
156
159
157
131
104
86
91
128
164
175
160
127
97
96
113
130
140
135
123
122
128
131
130
119
104
102
109
117
123
120
115
114
116
119
120
120
120
122
124
124
124
126
132
140
148
153
153
149
147
148
156
160
132
100
81
86
122
159
170
154
123
95
93
111
127
135
130
119
119
127
129
127
117
103
101
108
113
119
117
114
116
118
117
117
116
115
119
123
123
124
127
132
141
146
147
147
146
147
153
157
163
149
113
91
85
106
144
169
164
140
111
95
104
123
134
138
131
122
126
133
132
128
116
106
108
114
118
123
123
122
123
121
118
117
118
120
126
129
128
129
132
137
144
147
149
150
150
154
157
159
162
161
135
106
93
96
126
