34
36
19
-13
-38
-42
-19
19
42
40
11
-23
-39
-31
-8
12
14
-1
-20
-27
-22
-13
-7
-10
-16
-19
-19
-18
-16
-17
-12
-4
4
7
3
-4
-6
-4
1
13
18
22
25
23
24
28
31
26
4
-29
-45
-38
-7
27
42
27
-5
-34
-40
-25
-2
11
8
-9
-23
-25
-19
-13
-11
-15
-18
-17
-16
-17
-19
-18
-11
-1
5
6
0
-5
-4
0
7
13
16
21
25
28
30
30
31
27
4
-22
-37
-33
-6
26
40
30
2
-27
-35
-23
-3
12
11
-3
-15
-18
-16
-10
-8
-13
-14
-12
-12
-11
-14
-15
-8
1
7
9
3
-2
0
4
10
15
21
22
25
30
33
37
40
33
6
-26
-42
-36
-3
33
47
34
1
-30
-37
-22
0
15
11
-5
-16
-18
-13
-8
-9
-15
-17
-15
-12
-11
-15
-18
-13
-5
3
6
1
-4
-5
-1
4
11
17
20
25
28
32
34
35
31
2
-30
-45
-41
-7
31
43
30
-3
-36
-41
-26
-5
10
9
-6
-16
-18
-15
-9
-13
-21
-24
-21
-15
-10
-14
-19
-18
-13
-4
0
-3
-5
-6
-3
2
6
10
17
21
31
35
35
33
34
12
-22
-41
-48
-21
21
43
40
13
-27
-42
-33
-14
8
16
3
-7
-12
-13
-8
-10
-21
-24
-21
-12
-1
-5
-16
-19
-16
-6
6
6
2
-1
-3
3
9
13
21
27
33
41
43
38
42
23
-15
-35
-45
-25
20
46
47
26
-15
-38
-31
-14
6
18
8
-3
-5
-7
-5
-4
-17
-22
-18
-14
-4
-3
-12
-13
-11
-6
3
3
0
0
0
4
9
10
16
24
31
39
41
35
35
34
4
-23
-39
-41
-7
30
43
37
5
-30
-36
-27
-6
4
1
-2
-5
1
1
-8
-23
-35
-33
-19
-3
2
-8
-20
-25
-19
-5
1
1
0
-4
-3
0
1
6
17
28
36
38
33
25
29
11
-21
-38
-47
-24
19
42
39
13
-27
-45
-33
-13
8
14
0
-12
-12
-12
-8
-11
-26
-31
-25
-16
-4
-5
-17
-21
-19
-11
0
0
-2
-4
-4
0
7
12
16
26
29
33
36
32
33
27
-7
-32
-42
-33
6
39
42
25
-8
-35
-31
-14
2
12
6
-6
-5
-3
-4
-5
-19
-30
-25
-15
-2
4
-7
-16
-17
-12
-2
5
3
2
2
2
6
11
14
24
32
37
40
36
33
32
6
-24
-37
-37
-6
32
45
35
7
-26
-34
-20
-4
10
11
-1
-4
-1
-3
-5
-16
-29
-29
-18
-6
2
-5
-17
-21
-16
-6
2
2
-2
-3
-2
1
6
10
17
24
31
35
35
29
32
19
-16
-36
-47
-29
12
39
38
18
-17
-39
-31
-16
0
8
0
-8
-4
-4
-6
-13
-30
-35
-29
-16
-3
-3
-13
-22
-23
-15
-5
-2
-3
-5
-5
-2
3
6
11
19
26
31
34
32
30
32
5
-28
-44
-46
-13
28
44
35
6
-28
-37
-24
-8
6
7
-2
-3
1
1
-2
-17
-31
-30
-20
-8
0
-5
-12
-15
-14
-9
-4
-4
-3
0
2
6
8
7
12
21
30
41
42
36
34
32
4
-23
-39
-40
-5
34
49
40
8
-28
-34
-21
-4
13
13
2
1
3
3
1
-15
-27
-26
-16
-4
2
-5
-12
-14
-12
-6
-2
-4
-5
-3
0
5
10
11
13
19
27
35
40
36
32
35
10
-22
-40
-45
-16
27
47
40
12
-26
-38
-26
-9
7
11
0
-3
1
-1
-2
-14
-30
-30
-21
-10
-3
-8
-17
-18
-16
-12
-7
-9
-11
-8
-5
-1
5
5
6
13
18
25
31
31
29
31
25
-7
-35
-49
-41
0
37
44
27
-8
-37
-36
-19
-2
8
4
-7
-6
-1
-1
-5
-19
-29
-27
-19
-10
-7
-11
-15
-14
-12
-11
-11
-11
-8
-3
2
3
4
3
7
15
24
34
35
31
27
28
24
-5
-30
-43
-32
6
39
46
26
-8
-34
-31
-12
5
14
8
-3
-4
1
3
1
-12
-23
-22
-15
-7
-2
-5
-9
-10
-10
-8
-7
-6
-3
2
4
4
4
4
9
19
27
34
36
31
28
31
29
3
-24
-42
-37
0
36
47
32
-1
-31
-32
-15
2
12
7
-5
-6
0
3
2
-9
-24
-26
-19
-11
-5
-8
-13
-14
-12
-9
-8
-8
-8
-6
-4
-4
-4
-2
4
12
20
25
25
21
19
20
28
32
4
-28
-47
-42
-6
31
42
26
-5
-33
-35
-17
-1
7
2
-9
-9
-1
1
-1
-11
-25
-27
-20
-15
-9
-11
-14
-12
-10
-11
-11
-12
-13
-9
-5
-5
-4
-1
4
13
18
19
19
18
19
25
29
35
21
-15
-37
-43
-22
16
41
36
12
-17
-33
-24
-5
6
10
3
-6
-2
5
4
0
-12
-22
-20
-14
-10
-5
-5
-6
-5
-7
-10
-11
-10
-8
-2
1
0
1
4
9
16
19
21
22
22
26
29
31
34
33
7
-22
-35
-32
-2
