134
126
119
113
110
108
107
106
106
108
110
114
119
121
123
124
124
124
124
123
122
120
118
118
119
121
124
128
132
137
143
148
151
152
150
148
146
143
138
132
125
118
113
110
109
108
107
107
108
110
114
118
120
121
122
122
123
123
123
123
122
121
121
122
125
128
132
136
141
147
151
153
153
151
149
147
143
139
133
126
121
117
114
113
113
112
112
113
115
118
121
122
123
124
123
124
125
125
124
124
123
124
126
129
133
136
140
145
151
155
156
156
153
151
148
145
140
134
127
121
118
115
114
114
113
113
114
116
119
122
123
123
123
122
123
123
123
123
122
121
122
124
127
132
135
139
144
149
154
155
155
152
149
147
143
138
132
125
119
114
112
111
111
110
109
110
112
114
117
119
119
119
118
118
119
119
119
118
117
118
120
123
128
132
136
140
146
151
154
154
152
149
146
143
139
133
126
119
113
110
109
109
108
107
108
110
112
116
118
119
119
119
118
119
119
119
119
118
117
119
122
126
131
135
140
145
151
156
158
158
155
151
148
145
139
133
125
119
114
111
110
110
109
109
111
113
116
120
122
123
123
123
123
123
123
122
122
121
121
123
126
131
135
140
145
150
158
162
164
163
160
156
152
148
142
135
127
119
114
111
110
110
109
110
111
113
117
121
123
124
125
124
124
124
124
123
122
121
121
123
126
130
135
139
144
149
156
162
163
163
159
155
151
148
141
134
125
116
111
106
105
105
104
104
105
107
111
116
119
121
121
120
120
120
120
119
118
116
116
117
120
125
129
133
138
144
150
158
162
162
160
156
151
148
143
136
128
117
109
104
101
101
101
100
100
102
106
112
116
119
121
120
119
120
120
120
119
117
115
116
117
121
126
130
135
140
147
153
162
166
166
164
159
154
151
145
137
128
117
108
103
101
102
102
101
101
104
109
116
121
124
125
124
124
124
124
124
123
121
119
118
121
125
130
135
139
144
151
158
167
172
171
168
162
156
153
148
140
130
117
108
104
102
102
102
101
102
105
110
117
123
126
126
126
124
125
126
125
123
120
118
118
121
125
129
134
137
143
149
156
165
170
169
165
159
154
150
146
137
127
114
104
99
98
98
99
98
97
101
106
112
120
122
122
122
121
121
123
122
120
117
114
114
117
121
125
129
133
138
145
152
159
166
166
163
159
153
148
144
136
126
115
104
99
97
96
97
97
96
99
104
111
118
122
122
122
121
121
123
123
121
118
115
115
117
121
125
130
133
138
144
152
159
166
168
165
162
157
152
148
142
132
122
111
104
102
101
100
101
101
102
107
113
119
125
126
125
125
125
126
127
125
122
119
118
120
123
127
130
134
138
145
152
159
165
169
169
166
163
158
153
148
139
129
120
111
106
104
102
102
103
103
106
112
117
122
125
125
125
125
125
124
123
121
118
117
117
119
122
125
129
133
138
145
152
158
163
167
165
162
158
152
146
141
132
123
114
105
101
100
99
100
101
102
105
110
114
119
121
121
121
120
119
120
118
116
114
113
113
116
120
123
128
132
138
144
151
156
162
164
161
158
153
147
144
137
127
119
109
103
102
101
100
101
101
103
108
112
117
121
121
121
121
120
120
120
117
116
115
114
117
120
123
126
131
136
143
151
156
162
166
164
162
159
154
149
145
135
127
118
111
107
106
104
104
105
105
109
114
118
122
124
124
124
124
123
123
122
120
119
118
119
122
125
128
132
137
143
150
157
162
169
168
165
162
157
153
150
141
132
124
115
110
109
107
106
107
106
108
113
117
120
123
122
122
123
122
122
121
119
117
117
117
120
123
125
129
134
139
147
154
160
165
164
162
159
155
151
147
138
129
120
112
107
106
103
102
103
102
105
110
113
117
119
118
119
119
118
119
117
114
113
113
113
116
119
122
126
131
136
144
152
158
163
162
160
158
155
151
146
137
128
119
112
107
106
103
102
102
102
106
111
114
117
119
119
120
121
120
120
118
115
114
114
115
118
121
124
129
134
140
149
155
163
167
166
164
161
157
154
148
139
130
120
113
110
108
105
105
104
105
109
114
118
122
123
123
124
125
125
124
122
119
118
118
119
122
125
128
132
137
145
153
161
167
168
167
164
162
159
155
146
136
127
118
113
110
107
105
104
104
107
111
115
119
121
121
122
123
123
123
121
119
117
116
117
119
122
124
128
133
139
147
155
163
165
164
162
159
157
154
146
136
126
117
111
107
104
102
100
99
101
106
110
114
117
117
119
120
121
121
120
117
115
113
113
115
117
119
122
127
133
141
149
158
162
162
161
159
157
155
149
139
130
120
112
108
104
101
99
97
98
103
108
112
116
118
119
122
123
124
124
121
118
116
116
117
119
120
122
127
132
140
148
156
163
164
164
163
162
159
156
147
137
127
118
113
109
105
103
101
100
104
109
113
117
120
121
124
126
127
127
125
122
121
120
120
121
122
124
127
132
138
147
154
163
167
167
166
164
162
159
153
143
133
123
115
111
107
103
101
99
101
106
111
115
119
121
123
125
127
127
127
124
121
119
118
119
120
121
123
126
131
139
147
154
162
164
164
163
161
158
155
147
136
126
117
110
107
102
98
97
96
98
104
108
112
116
117
120
123
124
124
123
120
117
116
115
116
117
118
121
125
131
138
146
153
161
163
163
163
161
157
154
146
136
126
116
108
105
100
97
96
95
98
103
109
113
117
119
122
125
126
126
125
122
119
118
117
117
119
119
122
126
132
139
147
154
161
168
168
168
166
162
158
153
143
133
123
114
108
105
101
99
99
100
105
111
115
120
123
124
127
129
129
129
126
123
121
120
119
121
121
123
126
131
138
145
152
158
164
170
170
170
166
161
157
151
141
132
122
113
108
105
102
101
100
101
105
111
114
119
121
122
125
126
125
124
122
119
118
117
116
118
118
121
124
129
135
141
147
153
158
163
167
165
163
158
152
147
141
132
123
114
106
103
101
99
99
99
100
105
109
113
117
118
119
120
120
120
120
117
115
115
114
115
117
118
121
125
129
134
140
145
149
154
157
162
162
159
155
150
145
141
135
126
118
111
106
105
103
102
101
101
104
108
112
115
117
117
118
120
120
121
120
119
118
119
119
121
122
123
126
129
132
137
142
146
150
153
156
161
163
160
158
154
148
146
141
134
127
120
113
110
108
106
105
104
105
108
112
114
118
119
120
122
123
124
125
124
123
123
123
123
124
124
125
127
130
133
138
141
144
148
152
156
160
164
162
160
156
152
148
144
136
128
119
112
108
105
102
100
99
100
104
108
112
116
118
120
122
125
125
125
124
122
121
120
119
118
118
117
119
122
126
131
136
139
144
149
154
158
163
163
160
156
151
147
143
135
125
116
108
102
100
98
96
95
96
100
106
112
115
119
120
122
125
126
125
124
121
118
117
117
116
116
115
116
120
125
130
135
139
143
148
152
156
159
160
161
159
154
149
144
139
134
127
119
113
108
105
104
104
103
104
106
110
114
118
120
122
123
124
125
125
125
123
122
121
122
122
122
123
124
127
131
135
139
142
145
148
151
153
155
156
157
158
157
153
149
145
140
137
132
125
120
114
111
110
109
107
107
108
110
115
118
119
122
123
124
126
127
127
127
126
125
125
125
125
125
124
125
128
130
133
