114
117
121
127
132
137
141
141
137
129
119
111
110
116
128
141
147
144
134
122
114
114
122
132
138
137
130
120
116
119
129
139
145
141
131
119
110
110
118
129
139
144
142
136
129
123
119
117
117
120
125
133
141
146
144
135
122
110
106
112
125
139
147
146
136
124
115
114
121
131
138
137
130
121
116
119
127
137
143
141
133
122
114
113
117
125
133
138
139
138
134
130
125
119
114
113
118
128
139
148
149
141
126
112
104
108
121
136
146
147
139
126
117
115
121
130
136
136
130
122
118
120
127
135
141
140
134
125
119
116
118
123
128
132
135
137
138
137
132
123
114
109
111
121
136
149
153
146
131
114
105
106
117
132
143
146
140
129
120
118
122
129
134
134
129
123
119
121
127
134
138
137
133
127
123
121
121
122
123
126
130
135
140
142
138
128
116
106
106
115
131
147
155
150
136
119
107
105
114
128
140
144
140
131
124
121
123
128
132
131
128
123
121
123
128
132
135
134
132
129
127
126
125
123
120
120
123
131
141
146
145
134
119
106
102
110
126
143
154
153
140
124
111
107
112
124
135
140
138
133
127
125
126
128
130
129
126
123
123
126
129
132
132
131
129
129
130
131
129
125
119
115
118
127
139
149
150
140
124
108
101
106
120
138
151
153
144
129
116
110
113
121
130
135
135
133
130
129
129
130
128
126
123
122
124
128
131
132
130
127
126
128
132
135
134
128
119
112
112
122
136
149
153
145
129
112
102
103
116
133
146
151
145
134
122
115
115
119
125
129
131
132
132
133
133
132
128
123
120
121
125
130
134
133
129
124
123
126
133
138
138
131
120
110
109
117
132
147
154
149
134
117
105
103
112
127
140
147
145
137
128
121
119
119
121
123
126
129
133
137
138
134
128
121
118
119
125
132
136
134
128
122
120
124
133
140
142
135
122
111
106
113
127
143
152
151
139
123
110
105
111
122
134
141
143
139
134
128
124
121
119
118
120
126
133
140
142
138
129
120
115
117
124
133
137
136
128
121
118
122
132
141
144
138
125
112
106
110
123
139
149
150
142
128
116
110
111
118
127
134
138
139
138
135
131
124
118
114
115
121
131
141
145
141
131
121
114
116
123
133
138
137
129
120
116
120
130
141
145
140
128
115
107
109
120
134
145
148
143
133
122
116
114
117
121
127
132
137
141
141
137
129
119
111
110
116
128
141
147
144
134
122
114
114
122
132
138
137
130
120
116
119
129
139
145
141
131
119
110
110
118
129
139
144
142
136
129
123
119
117
117
120
125
133
141
146
144
135
122
110
106
112
125
139
147
146
136
124
115
114
121
131
138
137
130
121
116
119
127
137
143
141
133
122
114
113
117
125
133
138
139
138
134
130
125
119
114
113
118
128
139
148
149
141
126
112
104
108
121
136
146
147
139
126
117
115
121
130
136
136
130
122
118
120
127
135
141
140
134
125
119
116
118
123
128
132
135
137
138
137
132
123
114
109
111
121
136
149
153
146
131
114
105
106
117
132
143
146
140
129
120
118
122
129
134
134
129
123
119
121
127
134
138
137
133
127
123
121
121
122
123
126
130
135
140
142
138
128
116
106
106
115
131
147
155
150
136
119
107
105
114
128
140
144
140
131
124
121
123
128
132
131
128
123
121
123
128
132
135
134
132
129
127
126
125
123
120
120
123
131
141
146
145
134
119
106
102
110
126
143
154
153
140
124
111
107
112
124
135
140
138
133
127
125
126
128
130
129
126
123
123
126
129
132
132
131
129
129
130
131
129
125
119
115
118
127
139
149
150
140
124
108
101
106
120
138
151
153
144
129
116
110
113
121
130
135
135
133
130
129
129
130
128
126
123
122
124
128
131
132
130
127
126
128
132
135
134
128
119
112
112
122
136
149
153
145
129
112
102
103
116
133
146
151
145
134
122
115
115
119
125
129
131
132
132
133
133
132
128
123
120
121
125
130
134
133
129
124
123
126
133
138
138
131
120
110
109
117
132
147
154
149
134
117
105
103
112
127
140
147
145
137
128
121
119
119
121
123
126
129
133
137
138
134
128
121
118
119
125
132
136
134
128
122
120
124
133
140
142
135
122
111
106
113
127
143
152
151
139
123
110
105
111
122
134
141
143
139
134
128
124
121
119
118
120
126
133
140
142
