127
128
132
135
139
142
144
142
136
126
114
104
101
106
117
128
133
130
119
107
99
100
108
119
126
126
120
113
110
116
127
140
147
146
137
127
120
121
130
143
154
159
157
151
144
137
132
129
128
129
133
139
145
148
144
133
118
105
99
102
114
127
134
132
122
109
100
99
107
117
125
126
120
113
110
114
125
137
144
145
138
129
123
123
129
139
147
153
154
153
149
145
139
132
126
124
127
135
145
152
150
140
123
107
98
100
111
124
133
133
124
111
102
100
106
116
123
124
119
113
110
114
123
134
141
142
138
131
127
126
130
135
141
146
150
152
153
152
146
137
127
120
121
129
142
153
155
146
129
111
99
98
108
121
131
133
126
114
105
102
107
114
120
121
118
113
111
114
122
131
137
139
136
133
130
130
131
134
136
139
144
150
156
157
153
142
129
118
116
124
139
152
158
152
135
116
102
99
106
118
128
131
126
117
109
106
108
113
118
118
116
112
112
115
122
128
133
134
134
133
133
134
134
134
133
133
138
146
156
162
160
149
133
119
113
120
134
150
158
155
141
122
107
101
105
115
124
128
125
119
112
110
111
113
115
115
113
111
113
117
122
127
129
130
130
132
135
138
138
135
130
128
131
141
154
164
165
155
138
121
113
116
130
146
157
157
145
129
113
106
106
113
120
124
123
119
116
114
114
114
114
111
110
110
113
119
124
126
126
125
126
130
136
141
142
137
129
124
126
136
151
164
168
160
144
126
114
115
126
141
153
156
148
134
121
112
109
112
116
119
119
119
118
119
118
116
113
109
106
108
113
120
125
126
124
121
122
127
136
143
145
140
130
122
121
131
146
162
169
164
149
131
118
115
123
136
148
153
149
139
128
119
114
113
113
114
115
117
120
123
123
119
113
106
103
106
113
121
126
126
122
118
118
124
134
144
147
142
132
121
119
126
141
158
168
166
154
137
123
118
122
132
142
148
147
142
135
127
121
116
112
109
110
114
120
126
127
123
114
105
101
103
111
121
127
127
121
115
114
121
132
144
149
145
134
122
118
123
137
153
164
166
157
143
130
123
124
129
137
142
144
143
140
135
128
120
112
106
105
110
119
127
131
126
116
105
99
101
110
120
127
127
121
114
112
118
130
142
149
146
136
124
118
121
133
148
159
163
158
148
137
130
127
128
132
135
139
142
144
142
136
126
114
104
101
106
117
128
133
130
119
107
99
100
108
119
126
126
120
113
110
116
127
140
147
146
137
127
120
121
130
143
154
159
157
151
144
137
132
129
128
129
133
139
145
148
144
133
118
105
99
102
114
127
134
132
122
109
100
99
107
117
125
126
120
113
110
114
125
137
144
145
138
129
123
123
129
139
147
153
154
153
149
145
139
132
126
124
127
135
145
152
150
140
123
107
98
100
111
124
133
133
124
111
102
100
106
116
123
124
119
113
110
114
123
134
141
142
138
131
127
126
130
135
141
146
150
152
153
152
146
137
127
120
121
129
142
153
155
146
129
111
99
98
108
121
131
133
126
114
105
102
107
114
120
121
118
113
111
114
122
131
137
139
136
133
130
130
131
134
136
139
144
150
156
157
153
142
129
118
116
124
139
152
158
152
135
116
102
99
106
118
128
131
126
117
109
106
108
113
118
118
116
112
112
115
122
128
133
134
134
133
133
134
134
134
133
133
138
146
156
162
160
149
133
119
113
120
134
150
158
155
141
122
107
101
105
115
124
128
125
119
112
110
111
113
115
115
113
111
113
117
122
127
129
130
130
132
135
138
138
135
130
128
131
141
154
164
165
155
138
121
113
116
130
146
157
157
145
129
113
106
106
113
120
124
123
119
116
114
114
114
114
111
110
110
113
119
124
126
126
125
126
130
136
141
142
137
129
124
126
136
151
164
168
160
144
126
114
115
126
141
153
156
148
134
121
112
109
112
116
119
119
119
118
119
118
116
113
109
106
108
113
120
125
126
124
121
122
127
136
143
145
140
130
122
121
131
146
162
169
164
149
131
118
115
123
136
148
153
149
139
128
119
114
113
113
114
115
117
120
123
123
119
113
106
103
106
113
121
126
126
122
118
118
124
134
144
147
142
132
121
119
126
141
158
168
166
154
137
123
118
122
132
142
148
147
142
135
127
121
116
112
109
110
114
120
126
127
