111
110
110
111
113
115
116
118
119
119
118
118
117
117
117
118
119
121
124
128
132
136
140
143
146
147
148
148
147
144
140
136
130
124
118
112
107
105
104
104
107
111
115
119
122
124
124
123
120
117
113
110
109
109
110
114
118
124
129
135
140
143
146
148
149
148
148
147
146
144
142
139
135
131
125
120
116
112
111
110
112
115
118
121
124
125
124
123
120
117
114
112
111
112
114
118
123
129
134
139
143
146
147
148
148
148
148
148
148
149
149
149
147
144
140
134
129
123
118
114
112
112
114
117
120
122
122
122
120
117
115
113
112
111
112
114
118
122
127
132
136
140
142
144
145
145
146
146
147
148
148
149
150
149
147
144
138
132
125
118
113
109
107
108
110
113
116
117
117
116
113
110
107
106
104
105
106
109
112
117
122
127
132
136
139
141
143
144
144
145
145
146
147
147
147
147
145
143
138
133
127
121
116
111
108
107
108
110
111
113
113
111
110
107
106
104
104
105
107
110
113
117
122
127
132
137
140
143
145
146
147
148
148
148
149
149
150
151
151
150
147
143
138
131
125
119
114
110
109
110
112
114
115
116
115
114
112
111
110
110
110
111
114
117
121
125
130
135
140
143
147
149
151
152
152
152
152
152
152
152
152
153
152
150
146
141
135
128
122
117
112
110
110
112
115
118
119
118
117
114
111
108
106
105
105
107
110
114
119
124
130
135
140
144
146
148
149
149
149
149
148
148
149
150
151
151
150
148
143
137
129
121
114
108
104
102
103
106
109
112
115
115
114
112
109
106
104
103
102
103
105
108
112
116
121
126
131
135
139
143
146
148
149
150
150
151
151
152
153
154
152
150
144
137
129
119
111
104
100
99
99
103
108
113
117
119
119
118
115
112
109
107
106
105
106
108
111
114
119
124
129
134
139
143
147
151
154
155
157
159
160
161
162
163
162
159
153
146
136
125
116
108
103
101
102
106
112
119
124
127
128
126
123
119
115
111
108
107
107
108
110
113
118
122
128
133
139
144
149
152
155
158
159
161
163
164
166
167
168
166
161
153
142
130
119
108
100
96
96
100
106
113
120
125
127
127
124
120
115
110
106
104
102
102
104
106
110
115
120
126
132
138
143
147
150
152
154
155
156
159
160
163
165
165
163
158
149
137
124
111
100
93
90
91
95
102
110
118
123
125
124
120
116
111
107
104
101
100
101
102
105
109
114
119
125
132
138
143
147
150
152
154
155
157
159
162
165
167
167
165
159
149
137
123
110
100
92
90
92
97
105
113
121
126
128
127
123
119
114
110
106
104
103
103
105
107
110
115
120
126
133
139
145
149
152
154
156
157
159
161
163
166
169
171
170
165
156
143
129
114
102
93
88
89
93
101
110
119
126
129
128
125
121
116
111
106
103
101
101
101
103
106
111
116
122
128
135
141
145
148
150
151
152
152
153
156
159
162
166
167
165
158
147
133
117
103
91
84
82
84
91
100
110
118
123
125
123
119
113
108
103
100
97
95
95
96
98
102
107
113
120
126
133
138
142
145
146
146
147
148
151
154
159
163
167
168
165
158
146
131
115
101
90
84
83
87
95
104
114
122
126
126
123
119
114
109
105
102
100
100
101
102
105
110
115
121
128
135
142
147
151
153
153
154
155
156
159
163
169
173
177
178
172
162
148
131
116
103
95
93
95
102
110
119
126
131
131
129
126
122
119
116
115
113
111
109
108
109
111
116
123
131
140
148
153
157
157
157
156
155
156
160
166
172
179
184
186
182
174
160
144
126
112
101
95
95
99
105
113
120
125
128
128
126
123
120
118
115
112
109
105
103
102
103
107
113
120
129
138
145
149
150
150
147
146
146
147
151
158
164
171
176
178
175
167
154
139
122
107
95
88
86
88
93
100
108
115
119
120
118
115
112
109
106
104
101
98
96
95
97
101
107
115
124
132
138
142
143
142
140
139
139
141
146
152
159
166
171
173
172
165
155
141
126
111
98
89
85
85
90
97
105
114
120
123
123
120
117
112
108
105
102
99
97
97
98
101
107
115
123
132
138
143
145
144
143
142
141
142
146
151
159
166
173
178
180
178
171
160
145
128
113
100
90
87
88
94
104
114
124
131
134
133
129
123
118
112
108
104
101
99
99
101
105
111
120
129
137
143
147
148
147
145
143
142
144
148
153
161
168
174
179
180
178
170
159
144
127
110
97
88
84
86
92
101
112
122
128
132
130
126
119
112
107
101
97
95
93
93
96
100
107
115
123
131
137
141
142
141
139
136
135
137
142
148
155
163
169
173
175
172
164
152
137
120
105
92
85
82
85
92
100
110
120
126
130
129
125
118
112
105
99
94
91
90
91
94
100
107
116
125
132
138
141
142
141
139
137
138
141
145
152
158
165
170
174
174
172
165
155
140
124
108
95
86
83
85
92
102
114
124
132
136
136
131
124
115
106
99
94
91
90
91
94
99
106
114
122
130
136
141
142
142
141
140
139
141
145
151
159
165
172
176
176
173
165
152
138
120
104
92
84
81
85
92
102
113
123
131
135
135
132
125
116
107
98
91
86
84
85
88
93
100
108
117
125
131
134
136
136
135
135
134
136
139
145
151
158
165
170
171
168
162
150
135
118
101
87
79
76
79
86
97
108
118
127
132
133
131
126
117
108
99
91
85
82
82
84
89
97
106
115
124
130
135
138
138
138
137
137
139
142
149
156
165
172
179
179
177
166
152
133
114
98
87
81
83
88
98
109
120
128
135
139
141
140
137
131
121
110
100
92
87
87
90
98
107
117
127
135
140
143
144
144
144
144
146
148
153
159
167
174
181
183
183
176
164
148
130
113
99
89
86
89
95
104
114
124
132
138
141
144
143
139
133
123
111
100
90
86
86
90
98
108
118
127
133
138
140
142
143
144
146
149
153
157
163
169
176
181
182
179
170
155
138
119
103
92
86
88
93
102
112
121
129
135
139
143
144
144
141
135
125
113
102
94
90
91
96
105
116
126
134
139
142
144
144
146
148
152
157
163
169
176
182
187
188
185
176
162
145
128
112
101
94
94
97
104
114
122
130
137
141
146
148
148
147
141
133
121
110
100
94
93
96
104
113
123
131
137
140
141
142
143
145
150
155
160
166
172
177
181
182
180
172
161
145
129
114
102
95
93
96
102
111
120
128
135
140
144
147
147
147
142
134
124
113
103
96
93
95
101
109
119
127
133
137
139
140
141
143
147
152
157
162
167
172
176
176
174
167
154
139
121
105
92
83
80
81
86
93
101
109
115
119
122
124
124
124
120
113
103
92
81
73
67
67
72
79
89
98
104
109
111
112
113
115
119
124
129
136
142
149
154
156
155
149
138
124
109
93
81
73
71
73
79
87
95
103
111
116
121
125
127
128
126
121
113
103
93
85
80
80
84
92
102
112
120
126
129
131
133
136
140
146
152
160
166
173
177
178
176
170
159
145
129
114
102
93
90
91
96
104
111
119
127
133
138
142
143
144
141
136
127
117
106
97
90
88
90
96
104
112
119
124
127
129
131
133
136
141
147
154
160
165
170
173
172
169
161
150
136
121
108
99
94
95
98
106
115
123
131
138
143
148
150
151
150
146
140
131
121
112
105
102
103
108
115
124
132
139
144
146
148
150
153
157
161
167
173
179
184
187
186
183
174
161
146
129
116
105
99
98
101
106
114
121
128
134
138
142
144
144
143
139
132
123
112
101
93
87
87
90
96
104
112
119
123
125
126
128
130
133
138
142
148
154
159
164
166
165
161
152
140
126
110
98
88
84
84
88
96
106
115
124
133
139
144
147
147
146
142
135
127
116
107
101
97
98
103
111
120
129
137
142
145
147
149
151
154
158
163
168
174
179
184
186
185
181
172
160
146
132
121
113
109
110
113
121
128
136
143
149
153
157
159
158
157
152
145
136
125
117
110
107
108
112
120
129
138
144
149
151
152
154
155
158
161
165
170
175
179
184
186
186
184
177
167
154
139
126
115
107
106
108
113
121
129
137
144
149
152
153
152
150
145
138
129
119
109
101
96
94
97
102
110
118
126
131
133
135
134
134
135
137
140
144
147
151
155
159
162
163
161
155
145
132
117
104
93
86
84
87
93
101
110
118
125
130
133
134
133
130
126
119
111
102
92
85
80
79
82
88
97
105
113
118
121
122
122
121
122
123
126
128
132
136
140
145
148
151
151
149
142
132
118
104
91
81
76
76
80
87
96
105
113
119
123
126
125
124
120
115
107
99
89
81
74
71
72
77
83
93
101
109
113
115
116
115
114
114
116
119
122
127
131
135
140
145
148
150
151
147
139
128
114
101
90
83
81
84
91
101
111
120
127
132
135
136
135
133
129
123
115
107
98
92
87
86
90
97
106
116
125
130
133
133
132
131
130
131
133
135
139
144
147
152
156
161
166
168
170
167
158
148
134
119
108
100
97
101
107
117
127
136
144
148
150
150
149
146
142
135
128
119
110
103
98
97
101
108
117
127
134
140
141
141
139
137
135
135
136
138
142
145
150
154
158
163
167
171
173
173
168
159
147
133
119
108
102
101
105
113
123
134
142
149
152
153
153
151
148
144
138
131
123
115
108
105
105
110
118
128
137
145
149
150
148
146
143
142
143
145
148
152
155
159
163
166
169
172
174
177
178
177
173
165
153
141
128
118
112
112
116
124
133
143
150
155
157
156
154
151
147
142
136
130
123
116
110
107
108
112
119
128
136
142
145
146
144
142
139
138
137
139
141
144
147
151
154
157
159
161
162
163
163
164
161
157
150
141
129
119
111
106
106
109
116
123
131
137
141
142
141
138
134
129
123
117
111
105
99
95
92
94
98
104
112
118
124
127
128
127
125
122
121
120
121
123
125
128
132
135
138
139
140
141
141
141
141
140
139
136
133
126
120
112
106
102
101
103
107
113
118
123
126
127
126
122
118
113
108
103
98
94
91
89
89
92
96
101
107
112
116
119
120
120
119
116
115
113
112
113
113
115
117
120
122
124
126
126
127
127
127
125
124
121
118
114
108
102
96
89
85
82
81
83
86
89
92
93
93
91
88
83
78
73
69
66
66
67
69
73
78
82
88
93
99
104
108
110
111
111
109
108
108
108
110
113
117
121
125
129
132
134
136
137
137
137
138
138
138
138
137
136
134
132
130
127
126
126
126
128
130
131
132
132
132
130
127
125
124
124
124
126
127
128
128
128
128
130
132
135
138
140
142
142
141
140
140
140
142
145
147
150
152
154
154
154
154
154
154
154
155
155
155
155
155
155
154
154
153
152
151
149
148
146
142
138
135
132
130
129
129
130
132
134
135
136
136
136
135
134
133
133
133
132
132
132
132
133
134
136
137
140
142
144
144
144
144
144
145
145
146
147
149
150
150
151
152
154
156
158
160
161
162
163
162
162
162
161
160
159
157
153
150
147
143
141
138
137
136
135
135
135
135
136
135
135
135
134
133
131
130
129
128
129
129
130
130
130
131
132
132
133
134
135
135
135
135
135
136
137
139
141
142
144
145
147
148
150
151
151
152
151
151
151
151
151
150
150
150
149
149
149
148
146
144
141
139
136
134
132
131
130
130
130
130
130
130
130
131
130
130
129
128
127
126
125
124
123
123
123
124
124
125
126
127
127
127
127
127
128
129
130
131
132
132
131
131
131
133
135
136
138
138
137
136
136
136
137
137
138
138
137
136
135
133
131
130
129
128
127
125
124
123
122
122
122
123
124
124
125
124
124
123
122
121
121
121
121
121
121
121
121
121
122
123
123
123
123
123
123
122
123
122
122
122
123
124
126
129
130
130
129
128
128
128
129
130
129
129
127
126
125
126
127
128
128
128
127
124
122
120
119
117
116
114
112
109
107
106
106
106
106
106
106
105
105
104
103
102
100
99
98
98
97
96
96
95
95
95
96
96
97
97
96
95
95
94
94
94
94
95
95
96
97
98
99
100
101
101
101
101
102
103
103
103
102
101
101
101
103
105
106
107
107
107
107
107
108
108
109
109
108
107
107
106
107
108
109
110
111
111
111
112
112
113
115
115
116
117
117
118
118
119
119
120
121
122
123
124
124
124
124
124
125
125
126
127
127
127
127
128
128
130
131
131
132
132
131
131
132
131
131
130
130
129
129
128
127
127
126
126
126
125
124
124
123
122
121
120
119
119
118
117
117
116
115
114
114
114
114
115
115
115
115
114
114
115
116
116
116
116
115
116
117
118
119
120
121
122
123
124
125
127
128
129
130
131
131
132
133
135
136
137
138
138
138
138
139
140
141
141
141
141
141
141
141
142
143
143
143
143
143
143
143
144
144
144
144
143
142
142
142
142
141
141
140
139
139
139
139
139
140
140
140
140
139
139
139
139
138
138
138
137
136
136
135
135
135
134
134
134
133
132
131
130
130
130
131
131
130
129
128
129
129
130
131
131
130
130
131
132
133
134
134
134
134
135
137
138
139
140
140
140
141
143
144
145
145
146
146
146
147
147
147
148
148
148
148
148
149
149
149
149
149
149
149
148
147
146
146
145
145
145
144
143
141
140
140
140
140
139
138
136
135
135
134
134
133
132
131
130
129
128
127
127
126
125
124
123
122
122
121
121
121
120
119
118
117
117
117
116
116
116
115
115
115
115
115
115
115
114
114
114
114
114
114
114
115
115
116
116
116
117
117
117
117
118
118
118
118
119
119
119
120
120
120
121
121
121
122
122
122
122
122
122
122
122
123
123
123
123
123
123
123
124
124
124
124
123
123
123
123
123
123
123
123
122
122
122
122
122
122
122
122
122
121
121
120
120
120
120
120
119
119
118
118
118
118
118
118
118
117
117
117
117
116
116
116
116
116
115
115
115
114
114
114
114
114
114
113
113
113
113
113
113
113
113
113
113
112
112
112
113
113
113
113
112
112
112
112
113
113
113
113
113
114
114
114
114
115
115
116
117
117
118
119
119
120
120
121
122
123
124
125
126
127
128
129
130
131
132
133
134
135
136
137
139
139
140
141
142
144
145
146
147
147
148
149
149
150
151
152
152
153
153
154
154
154
154
154
154
154
154
154
154
154
153
153
153
152
151
151
150
149
148
147
146
145
144
143
142
141
140
139
139
138
137
136
136
135
134
133
133
132
131
131
130
129
129
128
128
127
126
126
126
125
125
124
123
123
123
123
122
122
122
122
122
122
122
121
121
121
121
120
126
127
127
127
127
127
127
127
127
127
127
128
128
128
128
128
128
128
128
