1	0	1	135.85449	44.25806	12.13214	3.96983	0.34135	0.07010	0.00289	0.00079	13.87012	23.66919	9.99689	2.09624	1.64357	0.10058	0.03216	0.00066	0.81900	0.38416	-0.25662	
1	0	1	213.87891	74.51758	18.93274	5.76198	0.64304	0.13764	0.01510	0.00582	25.91992	32.42188	18.32605	3.70439	2.23795	0.18388	0.05372	0.00173	0.79325	0.32982	-0.17392
1	0	1	157.60352	57.63129	15.10849	4.75475	0.62954	0.08367	0.00853	0.00199	17.54883	21.17047	13.70715	2.79949	1.74784	0.23110	0.03330	0.00227	0.80408	0.35521	-0.14591
1	0	1	56.18701	20.85144	8.51639	3.20480	0.67984	0.07021	0.00979	0.00140	4.02100	7.24207	1.90933	1.05340	0.92256	0.26971	0.02531	0.00350	0.86342	0.56933	0.30573
2	0	3	14.15576	6.82019	2.97940	0.86294	0.15926	0.06706	0.00585	0.00118	0.15381	0.25769	0.43069	0.62676	0.27221	0.01257	0.02768	0.00175	0.97806	0.92264	0.58823
2	0	4	27.19824	13.30969	6.11191	2.36655	0.37234	0.04429	0.00991	0.00199	0.16992	0.28943	0.54294	0.68941	0.81093	0.14188	0.01224	0.00296	0.98702	0.95572	0.75935
2	0	3	26.53052	12.84613	5.69449	1.93723	0.35943	0.06430	0.00846	0.00175	0.23853	0.41913	0.72858	0.91002	0.60919	0.11541	0.02368	0.00248	0.98231	0.93530	0.64612
2	0	3	13.02954	6.42706	3.06740	1.27800	0.39392	0.04705	0.00901	0.00363	0.06372	0.08771	0.14613	0.25570	0.24507	0.14991	0.01451	0.00088	0.98898	0.96899	0.84614
3	0	3	7.44238		3.56982		1.58435	0.44676	0.12024	0.04331	0.00449	0.00061	0.10059	0.15137	0.20056	0.34541	0.10315	0.01681	0.01716	0.00163	0.96710	0.89422	0.51765 
3	0	3	165.58154	78.69543	32.50842	8.44282	0.83019	0.21307	0.00968	0.00398	2.23779	4.09534	6.83929	7.81139	3.39121	0.20202	0.09686	0.00086	0.97278	0.89795	0.47955 
3	0	3	103.98883	49.41920	20.48743	5.44266	0.59550	0.10096	0.00719	0.00133	1.40607	2.57521	4.22217	4.80105	2.12583	0.19679	0.04329	0.00226	0.97333	0.89883	0.47268 
3	0	3	42.30981	20.58490	9.33656	3.29718	0.63186	0.07717	0.01120	0.00206	0.32056	0.57001	0.95589	1.37111	1.01672	0.23876	0.02739	0.00354	0.98279	0.94188	0.71016