0
-1
0
0
0
-1
0
-1
0
0
0
0
0
-1
0
0
0
0
0
0
-1
0
0
0
0
0
0
0
0
-1
-1
0
0
0
0
0
0
0
0
0
0
-1
-1
0
0
-1
0
-1
0
0
0
0
1
0
1
0
0
1
0
1
0
0
0
0
-1
0
0
0
-1
0
-1
0
0
0
0
0
1
0
0
1
1
1
0
0
0
0
0
-1
0
-1
-1
-1
0
0
0
1
0
1
0
1
1
0
1
1
0
1
0
0
0
-1
1
0
-1
0
-1
-1
0
0
0
-1
0
-1
0
1
1
-1
0
0
1
1
0
0
0
0
0
0
0
0
-1
-1
0
-1
-1
1
0
0
0
0
0
0
0
0
0
-1
-1
0
0
1
0
0
1
1
2
1
0
1
1
0
0
-1
-2
-2
-2
-2
-1
-1
-1
-1
0
1
1
2
2
1
1
2
1
1
0
0
0
0
0
-1
-1
0
-1
-2
-2
0
-1
-2
-2
-1
0
0
1
1
0
1
1
1
0
1
0
-1
0
0
-1
0
0
-1
0
1
0
0
-1
-2
-1
-1
-1
0
1
1
1
1
0
0
0
0
0
0
-1
0
0
0
3
1
0
0
0
0
-1
-2
-2
-2
-2
-1
0
0
0
0
1
1
2
1
1
0
0
-1
0
0
0
-1
0
1
-1
0
0
-1
-1
-1
-1
-1
0
-1
0
-1
0
0
2
2
2
1
1
1
2
0
1
0
0
-1
0
0
-1
0
-1
-1
-1
-1
-1
-1
-1
-1
-1
0
0
0
0
1
1
2
2
2
1
1
1
0
-1
-1
-2
-1
-1
-2
-3
-2
0
0
0
1
-1
0
1
2
1
0
-1
-1
0
1
1
2
2
2
1
1
2
2
0
-2
-1
-1
-1
-1
-1
-1
-1
0
1
0
2
1
1
2
1
1
1
2
2
0
1
1
0
-1
-2
-1
-2
-2
-2
-2
-1
-1
0
0
0
1
1
3
2
2
2
1
1
1
1
1
0
0
0
-2
-1
-1
-2
-1
-1
0
-1
-2
-2
-2
-2
-1
0
1
1
1
1
2
1
1
2
1
1
0
0
0
-1
-2
-1
-2
-2
0
0
-1
1
0
0
0
0
0
0
0
0
0
-1
0
-1
1
1
0
1
0
1
1
0
0
0
1
-1
0
-1
-1
0
-1
-1
-1
-1
0
-1
0
1
0
0
0
1
0
0
1
0
0
0
1
1
-1
0
0
0
1
1
1
1
0
0
0
0
-1
0
-1
-2
-1
-1
-1
0
0
0
0
0
1
1
1
0
0
0
-1
-1
-2
-2
-1
-1
-1
0
0
0
0
2
1
2
0
1
0
0
0
0
0
-1
0
-1
0
0
1
0
1
0
1
0
-1
-1
-1
-2
-2
-2
-1
0
1
1
1
2
1
1
3
2
2
1
0
0
0
0
-1
0
-1
-1
-1
-1
-1
0
0
0
0
0
0
0
0
0
0
0
2
2
2
1
0
1
2
1
0
0
0
0
-2
-2
-2
-2
-2
-1
-1
0
-1
-1
0
1
0
1
1
2
2
2
1
2
1
1
2
2
1
0
-1
-1
-1
-3
-2
-3
-3
-2
-2
-2
-1
-1
-1
0
2
3
2
3
3
4
4
4
3
2
0
0
1
0
-1
-3
-3
-3
-3
-3
-3
-2
-2
-2
-1
-1
-2
0
0
1
3
4
4
5
5
6
6
5
4
3
1
-3
-5
-7
-9
-10
-9
-8
-8
-5
-3
-1
2
4
5
7
8
8
8
7
6
5
3
1
-1
-3
-4
-4
-5
-5
-6
-6
-6
-5
-3
-2
-1
1
3
4
4
4
3
4
5
4
3
3
0
-1
-1
-1
-1
-1
-2
-4
-2
-2
-6
-9
-10
-8
-1
4
5
6
10
13
16
15
13
7
4
0
-8
-18
-22
-26
-26
-21
-16
-8
3
11
17
26
30
31
29
22
10
1
-6
-15
-23
-26
-29
-29
-22
-15
-9
0
9
16
21
22
20
18
16
9
1
-2
-6
-9
-11
-11
-14
-12
-8
-5
-3
-1
0
2
8
8
6
4
8
2
-4
-8
-12
-4
4
7
8
13
14
15
14
11
5
-2
-5
-13
-22
-29
-33
-34
-27
-17
-4
12
24
26
29
33
33
28
20
6
-8
-13
-15
-17
-18
-16
-18
-12
-7
-2
1
2
2
-2
2
1
3
2
2
2
7
14
15
15
11
6
2
0
-8
-17
-20
-17
-13
-11
-10
-9
2
3
3
3
4
12
20
24
20
19
15
11
4
-1
-10
-14
-17
-24
-31
-30
-26
-23
-16
-5
8
25
38
34
30
27
19
12
4
-10
-23
-24
-22
-19
-11
-5
-2
2
10
13
11
9
2
-7
-8
-9
-9
-7
-5
-6
3
14
18
20
16
9
6
1
-11
-24
-25
-20
-14
-9
-10
-4
5
7
11
8
13
17
22
23
18
13
7
2
-4
-9
-15
-18
-23
-29
-35
-31
-22
-17
-6
10
25
41
47
41
36
31
20
3
-14
-31
-39
-35
-30
-28
-20
-8
2
14
26
25
22
19
9
-1
-7
-12
-15
-13
-15
-15
-5
10
16
20
22
19
10
-1
-11
-17
-14
-13
-15
-18
-8
-11
-12
-2
4
15
22
27
28
31
25
13
2
-4
-12
-17
-25
-36
-44
-42
-29
-23
-11
3
25
46
58
55
45
39
27
6
-16
-37
-49
-45
-39
-35
-30
-14
2
17
29
36
34
28
17
0
-11
-16
-17
-19
-20
-20
-10
9
23
24
25
23
19
9
-5
-17
-23
-24
-25
-25
-16
-7
-12
-3
3
17
26
31
30
30
27
15
3
-10
-18
-23
-25
-32
-38
-37
-32
-19
-8
2
22
40
52
55
46
39
28
10
-14
-32
-44
-45
-39
-34
-25
-12
4
15
25
30
32
28
17
1
-15
-24
-24
-22
-21
-21
-12
5
25
32
31
32
29
17
0
-12
-20
-19
-25
-29
-29
-15
-12
-11
0
8
23
32
34
28
29
20
11
-3
-12
-24
-27
-28
-34
-36
-34
-20
-14
-2
9
26
42
49
47
41
35
21
1
-19
-33
-41
-36
-32
-25
-18
-3
5
12
19
22
23
18
8
-9
-16
-19
-16
-16
-16
-14
-3
12
22
24
27
31
25
11
-1
-10
-13
-15
-22
-30
-24
-14
-19
-11
-2
10
18
26
27
30
28
20
9
-3
-9
-19
-20
-28
-32
-32
-24
-19
-14
-6
10
26
35
35
35
37
29
13
-3
-14
-20
-22
-24
-21
-19
-8
-1
2
5
9
12
10
5
-4
-10
-13
-12
-12
-12
-10
-4
7
15
20
22
25
24
15
5
0
-4
-9
-15
-22
-24
-17
-20
-22
-10
4
10
11
19
24
29
22
13
6
2
-7
-14
-18
-21
-21
-20
-18
-16
-9
-2
7
15
20
22
26
24
15
6
3
-3
-9
-10
-9
-8
-8
-6
-4
1
2
1
-4
-1
-3
-6
-11
-11
-8
-4
-3
-1
3
8
15
14
16
17
15
7
3
0
-2
-7
-11
-16
-13
-11
-17
-15
-6
3
2
6
11
18
18
14
8
6
2
-7
-8
-8
-12
-15
-13
-12
-10
-6
-1
3
9
10
12
15
14
6
4
4
1
-2
0
-1
-1
-1
-2
-1
-1
-2
-5
-6
-7
-9
-11
-11
-9
-6
-4
-1
0
6
11
14
15
16
16
12
7
2
-1
-3
-6
-11
-14
-13
-9
-9
-9
-3
1
3
5
9
9
9
5
2
0
-2
-7
-4
-1
-4
-6
-2
-2
-1
-1
-2
0
3
4
2
5
4
0
-1
0
0
-1
0
-1
1
4
5
5
4
2
2
0
-2
-5
-7
-7
-9
-10
-10
-9
-7
-3
2
7
8
11
11
10
8
6
4
3
1
-4
-6
-7
-8
-10
-6
-1
1
1
4
6
5
4
1
1
-1
-4
-4
-3
-3
-3
-3
-3
-1
1
3
1
2
4
3
3
3
-2
-2
-2
-2
-3
-2
-1
-1
0
2
3
3
3
4
5
5
1
-3
-3
-3
-4
-5
-7
-6
-6
-5
-1
1
5
7
4
3
4
3
0
-1
-1
-1
-3
-4
-5
-1
2
3
2
5
5
6
5
3
1
0
-3
-5
-5
-5
-3
-1
-1
-2
1
3
1
-3
-3
-3
0
2
0
-1
-2
-3
-3
-1
-1
0
3
4
5
6
6
6
5
6
5
3
1
-4
-6
-7
-8
-9
-8
-7
-5
-3
-1
2
3
4
4
5
4
4
3
1
-1
-3
-3
-2
-1
1
2
5
5
3
-1
-2
-3
-3
-2
-2
-5
-5
-4
-1
1
2
6
9
8
6
3
1
-2
-3
-5
-7
-6
-6
-5
-4
-5
-5
-3
0
2
4
7
8
8
7
7
6
5
3
3
1
0
-3
-5
-6
-7
-6
-4
-2
-1
-2
-2
-2
-2
-1
1
0
-1
-2
-1
1
2
2
3
5
5
7
6
5
3
-1
-2
-4
-6
-7
-5
-4
-4
-3
-2
2
4
4
5
7
7
5
3
0
-4
-6
-8
-9
-7
-6
-6
-5
-3
-3
-1
3
3
5
7
7
7
6
5
4
5
4
2
0
1
-1
-2
-3
-3
-4
-3
-4
-4
-2
-3
-3
-3
-3
-3
-3
-2
1
2
2
4
4
5
4
3
4
5
3
0
-3
-4
-4
-4
-3
-2
0
0
0
1
2
4
4
5
5
5
2
-1
-2
-4
-7
-10
-9
-8
-7
-5
-3
-2
-2
0
2
3
4
5
5
8
7
6
5
3
3
3
3
3
1
-1
-2
-4
-6
-5
-6
-5
-5
-5
-6
-4
-3
-1
1
2
2
3
3
2
2
2
3
2
1
1
1
1
0
-1
-1
-1
-1
-1
0
0
2
2
3
2
3
3
3
5
3
1
-4
-5
-7
-9
-8
-7
-6
-4
-3
-1
0
1
1
3
5
5
4
5
4
5
6
5
5
3
4
2
1
1
0
-3
-5
-5
-6
-5
-5
-3
-2
-3
-1
-1
0
0
1
0
0
0
-1
-1
0
-1
0
1
2
3
4
3
2
1
-1
0
-1
0
0
1
2
1
2
1
1
3
4
3
1
-1
-3
-5
-7
-6
-5
-5
-4
-4
-3
-1
-1
-1
0
1
3
3
6
6
7
7
6
4
4
4
3
3
1
-2
-5
-7
-6
-4
-4
-3
-2
-3
-3
-3
-2
-1
0
-1
0
-2
-2
-2
0
0
3
3
3
3
4
6
6
4
2
0
-2
-2
-3
-2
-2
-3
-2
-1
-1
0
3
4
5
3
1
0
-3
-4
-4
-3
-3
-4
-6
-6
-5
-5
-1
-1
1
2
4
5
7
8
8
8
6
5
4
2
1
1
-1
-3
-4
-5
-6
-5
-4
-3
-3
-3
-3
-4
-2
-2
-2
0
-1
-1
-1
-1
0
1
4
6
5
5
6
7
4
2
0
-3
-4
-4
-4
-3
-2
-3
-2
0
3
5
7
7
5
4
1
-1
-5
-6
-7
-8
-8
-9
-9
-7
-5
-2
1
2
4
4
5
7
8
10
10
9
7
5
3
1
1
0
-2
-2
-4
-5
-6
-6
-6
-4
-3
-4
-4
-3
-4
-5
-3
-2
0
0
1
2
3
4
6
6
7
7
6
6
4
0
-3
-5
-7
-6
-4
-2
0
1
0
2
3
6
7
9
6
2
-1
-4
-6
-8
-8
-8
-9
-10
-9
-8
-6
-2
0
3
5
5
5
7
8
10
11
11
10
6
3
1
-1
-2
-2
-3
-5
-5
-8
-9
-8
-6
-5
-3
-2
-2
-2
-2
-2
2
3
4
4
4
4
3
3
2
1
1
2
1
1
1
2
1
-3
-3
-5
-5
-1
-1
-1
1
-1
-1
2
4
5
7
8
4
2
-2
-5
-7
-7
-8
-8
-10
-10
-9
-8
-5
0
2
5
7
8
9
11
12
14
14
12
7
3
-1
-6
-8
-8
-8
-11
-12
-13
-12
-10
-7
-2
1
4
5
6
5
7
6
7
5
4
2
0
-2
-2
-2
-2
-3
-5
-2
0
1
2
2
4
-2
-4
-4
-4
-2
0
0
1
2
0
4
7
9
11
11
7
0
-2
-5
-8
-10
-10
-13
-13
-12
-9
-6
0
4
7
9
9
10
10
13
11
9
9
6
1
-3
-5
-8
-10
-11
-9
-9
-7
-6
-4
-3
-2
0
3
6
6
8
6
5
3
1
2
2
2
2
2
-1
-2
-1
-2
-3
-1
0
-3
-1
-1
-2
-1
2
-2
-3
0
-6
-3
0
0
1
6
4
4
9
9
5
5
7
0
-2
-2
-9
-13
-12
-11
-12
-5
-4
-2
1
3
4
6
10
7
10
10
7
5
5
4
0
-3
-3
-6
-9
-8
-7
-8
-7
-6
-3
-2
-2
1
5
6
5
8
9
6
4
5
2
1
-2
-3
-3
-4
-6
-5
-3
-6
-5
-3
-1
1
4
5
4
2
6
-1
-4
0
-6
-5
-6
-4
1
5
4
7
13
10
8
10
10
1
-2
-3
-13
-17
-19
-18
-18
-11
-4
0
5
9
10
12
15
11
13
12
7
3
2
0
-6
-7
-7
-8
-13
-12
-9
-8
-5
-3
2
2
4
5
8
11
9
9
9
7
0
0
0
-1
-3
-3
-4
-7
-6
-7
-4
-2
-5
-3
-3
-2
-2
4
4
3
7
10
-1
2
3
-2
1
-2
1
1
4
1
6
6
4
2
2
2
-7
-6
-7
-13
-17
-12
-12
-12
-1
4
7
12
17
13
13
11
5
6
4
0
-4
-3
-7
-13
-10
-8
-9
-8
-3
-2
-2
2
4
4
7
9
7
8
8
4
2
6
1
-3
-1
-2
-6
-5
-5
-6
-2
-3
-4
-5
-4
-5
-4
-1
-1
0
3
4
4
6
11
11
1
1
0
-5
-5
-3
2
1
3
2
6
5
4
2
3
-1
-6
-8
-9
-15
-17
-10
-9
-6
3
11
13
15
19
13
8
6
2
-2
-4
-5
-8
-9
-8
-10
-8
-1
-3
-4
1
1
0
3
4
5
4
6
4
4
6
3
1
3
4
-1
0
1
-2
-4
-2
-5
-6
-5
-8
-10
-9
-4
-6
-1
4
3
5
8
9
12
16
11
5
5
4
-12
-14
-8
-8
-10
-7
-5
0
6
7
9
13
16
9
6
1
-5
-7
-11
-16
-20
-13
-9
-7
0
10
12
16
15
12
10
6
1
-5
-6
-9
-12
-12
-8
-7
-4
5
5
3
7
8
7
7
4
0
1
2
-4
-3
0
0
0
1
0
-1
3
0
-5
-3
0
-7
-8
-6
-6
-6
-4
-2
2
7
8
10
11
9
5
5
6
4
1
-1
-6
-6
-9
-14
-13
-11
-5
-2
2
4
12
15
18
14
11
11
7
2
-6
-10
-16
-17
-19
-22
-18
-9
0
4
9
13
17
16
11
3
1
0
-4
-6
-7
-8
-2
4
4
3
10
12
9
7
4
0
-3
-5
-10
-14
-11
-11
-11
-6
-3
-2
3
6
5
6
8
6
4
4
1
-2
-1
-2
-4
-4
0
1
2
3
4
4
3
4
4
2
1
-3
-7
-7
-9
-11
-7
-4
-4
-1
2
5
9
13
11
11
13
12
4
0
-2
-5
-8
-10
-13
-15
-12
-11
-12
-11
-6
-1
4
6
8
10
12
11
9
9
8
7
7
7
2
0
1
-1
-5
-6
-8
-10
-9
-9
-11
-11
-8
-6
-4
1
3
5
8
11
7
8
7
5
3
2
-2
-4
-4
-4
-6
-5
-3
1
2
3
2
3
5
4
0
0
0
-2
-5
-4
-5
-6
-3
-2
-1
2
3
2
5
7
6
3
3
2
1
0
-1
-3
-3
-2
-5
-7
-5
-4
-4
-2
-2
-1
0
2
2
1
3
4
4
5
5
3
5
4
2
1
2
2
1
-1
-2
-2
-2
-3
-4
-4
-4
-4
-4
-4
-4
-3
-3
-1
0
0
2
3
3
4
5
4
6
6
4
3
2
0
-1
-2
-3
-4
-3
-4
-6
-4
-2
-3
-3
-1
0
2
2
3
4
4
2
1
2
1
-1
0
-1
-2
-3
-3
-2
-3
-3
-1
-1
-1
0
1
-1
1
2
1
0
2
2
1
2
1
1
2
1
-1
-1
0
-3
-2
0
-2
-3
-2
-2
-2
0
1
1
2
2
1
1
2
1
0
0
-1
-2
-2
-3
-3
-2
-1
-1
-1
1
2
2
3
5
5
6
5
2
2
0
-2
-5
-3
-4
-6
-5
-4
-3
-2
0
2
2
4
4
4
3
4
2
1
0
0
-1
-2
-2
-3
-2
-2
-1
-1
-1
-1
-1
0
1
1
1
1
3
2
1
1
1
1
1
0
0
0
0
0
-1
0
0
0
-2
-2
-2
-3
-3
-2
-2
-1
-1
0
1
3
3
4
3
4
3
1
2
2
0
-1
-1
-1
-2
-3
-3
-1
-2
-2
-1
0
0
1
1
1
1
2
1
1
1
1
0
0
0
0
-1
-1
-1
0
0
1
1
0
1
1
1
0
0
0
1
0
0
0
-1
-1
-1
1
-1
0
0
1
1
0
0
0
1
-1
-1
-1
-1
-1
0
0
0
1
0
0
0
0
0
0
-1
-1
-1
0
0
1
0
1
1
2
1
1
1
1
0
0
0
-1
-1
-1
-2
-1
-2
-2
-1
-1
0
0
0
1
1
1
1
0
2
1
0
0
0
0
0
-1
0
0
1
0
0
0
1
0
-1
0
0
0
-1
-1
-2
-2
-1
0
0
1
1
2
1
3
2
2
2
2
1
0
-1
-1
-2
-3
-3
-3
-2
-2
-1
0
1
1
1
2
1
1
1
1
1
1
0
0
-1
0
-2
-1
-1
-1
0
-1
1
0
0
0
1
0
2
2
0
0
1
-1
-1
-1
-1
-1
-1
0
0
0
0
1
0
1
-1
0
0
-1
-1
0
0
0
-1
1
0
1
1
2
2
2
1
0
0
-1
-1
-2
-2
-1
-1
-1
-1
0
0
0
1
2
2
1
1
2
0
0
-1
-1
-2
-2
-2
-1
-2
-2
-1
0
0
1
1
2
3
2
2
2
2
0
0
-1
-1
-1
-2
-3
-1
0
0
0
0
1
1
1
2
0
0
0
0
0
0
-1
-2
0
-1
-1
0
0
0
0
1
1
2
0
0
0
0
0
0
0
-1
0
0
0
1
0
1
0
1
1
1
0
-1
-1
0
-1
0
0
0
0
0
0
1
0
1
0
-1
1
1
-1
-1
-1
0
-1
-1
-1
0
0
0
0
0
1
1
1
2
1
0
1
0
0
0
0
0
-1
-1
-3
-1
-1
-1
0
0
1
2
1
1
1
1
1
1
0
-1
0
0
0
-1
-1
-2
-1
-1
-1
-1
-1
1
1
1
1
1
1
1
1
0
1
0
0
-1
-1
-1
0
0
0
-1
0
-1
0
1
1
0
0
1
0
0
-1
-1
-1
0
0
0
1
1
0
1
1
1
1
0
1
-1
0
-1
-1
-1
0
-1
-1
1
0
0
0
-1
0
-1
0
0
-1
-1
0
1
1
0
1
0
0
0
0
0
0
0
0
0
0
-1
0
0
-1
-1
0
-1
0
1
0
-1
-1
0
0
0
-1
-1
-1
0
0
0
0
1
0
1
1
2
1
1
2
1
0
-1
-1
-2
-2
-1
-1
-1
-1
0
1
2
1
2
1
2
1
1
1
0
0
0
-1
0
-2
0
0
0
0
-1
0
0
0
-1
0
-1
0
0
1
1
1
1
1
2
2
1
1
0
0
0
0
-1
-1
-1
-1
-1
-1
0
0
-1
0
0
0
1
1
2
2
2
1
0
0
0
-1
-1
0
-1
-2
-2
-1
0
1
1
0
1
2
2
1
1
1
0
0
0
-1
0
-1
0
0
0
-1
0
0
0
0
0
-1
0
0
0
0
-1
0
1
1
1
1
0
0
0
0
-1
0
0
-1
-1
0
-1
-1
0
0
0
1
1
1
1
1
1
0
0
0
-1
0
0
0
0
0
-1
0
-1
0
1
0
0
0
0
0
0
0
0
0
0
1
0
0
0
0
1
1
1
0
0
0
0
0
-1
-2
-1
-2
0
0
1
0
1
2
1
1
1
0
0
1
-1
0
-1
-1
-1
0
1
0
0
0
0
1
0
0
1
0
0
0
-1
-1
0
0
0
0
0
0
0
0
0
1
0
0
0
0
0
0
0
-1
0
0
1
0
-1
0
1
0
0
-1
0
0
0
0
0
-1
-1
0
0
0
0
1
0
1
1
1
0
0
0
0
0
-1
-1
-1
-1
-1
0
0
0
0
1
0
1
1
1
1
1
0
0
0
0
-1
0
0
0
-1
0
0
0
0
0
0
0
0
0
0
0
-1
0
0
0
0
1
0
0
1
1
0
0
0
0
0
-1
-1
-1
-1
-1
0
-1
0
0
0
0
1
1
0
0
0
-1
1
1
0
0
-1
0
-1
-1
-1
0
-1
0
0
0
0
0
0
0
0
0
0
0
0
0
0
0
0
0
1
0
0
-1
0
0
0
0
0
0
0
0
0
-1
-1
-1
-1
0
0
1
0
1
0
0
1
1
0
0
1
-1
0
1
-1
0
0
0
0
0
1
1
0
0
0
0
-1
0
-1
0
0
0
-1
-1
-1
0
0
1
0
1
1
0
0
0
0
0
0
-1
0
0
-2
-1
0
0
-1
0
0
1
0
0
1
0
0
-1
0
0
0
0
-1
0
0
0
0
1
0
1
0
-1
0
-1
1
0
0
0
-1
-1
0
1
1
-1
0
0
0
0
0
-1
0
0
0
0
0
0
0
-1
-1
0
0
1
0
1
0
0
0
0
0
0
0
0
0
0
0
0
0
0
0
0
0
0
0
1
0
1
0
0
0
0
0
0
0
1
0
0
-1
0
0
0
-1
-1
-1
0
0
0
-1
0
0
0
0
1
1
0
0
0
0
0
1
0
0
0
0
0
0
0
0
1
0
0
0
0
0
0
0
0
0
1
-1
-1
0
0
0
0
0
0
0
0
1
1
0
0
0
0
0
-1
0
-1
-1
0
0
-1
0
0
0
1
1
0
0
0
1
0
0
-1
1
0
-1
-1
-1
0
0
0
1
-1
0
0
0
0
1
0
0
0
1
-1
0
0
0
0
0
0
0
0
0
0
0
-1
0
0
1
0
0
0
0
1
0
0
1
-1
0
0
-1
1
0
0
0
0
0
0
-1
0
0
0
0
0
0
-1
-1
0
0
0
0
0
0
0
-1
0
1
0
-1
0
0
-1
0
0
0
0
0
0
0
1
-1
0
0
0
0
0
0
0
0
0
0
1
0
0
0
1
-1
1
0
0
1
0
0
0
0
0
0
0
0
-1
0
0
0
-1
0
-1
1
1
1
0
0
1
1
0
1
0
0
0
1
-1
-1
1
0
0
0
-1
0
0
0
0
0
0
0
1
0
-1
0
0
1
0
0
0
1
1
0
0
0
0
0
0
0
-1
-1
0
-1
1
0
0
1
0
0
0
1
1
0
1
0
0
0
-1
1
0
0
